1475979915214180235084898622737381736
312066145333169775147771216478570297878078949377407337049
389289382748507531496480477281264838760259191814463365330
269540496961201113430156902396093989090226259326935025281
409614983499388222831448598601834318536230923772641390209
490231836446899608210795482963763094236630945410832793769
905399982457186322944729636418890623372171723742105636440
368218459649632948538696905872650486914434637457507280441
823676813517852099348660847172579408422316678097670224011
990280170474894487426924742108823536808485072502240519452
587542875349976558572670229633962575212637477897785501552
646522609988869914013540483809865681250419497686697771007