446
087557183758429571151706402101809886208632412859901111991
219963404685792820473369112545269003989026153245931124316
702395758705693679364790903497461147071065254193353938124
978226307947312410798874869040070279328428810311754844108
094878252494866760969586998128982645877596028979171536962
503068429617331702184750324583009171832104916050157628886
606372145501702225925125224076829605427173573964812995250
569412480720738476855293681666712844831190877620606786663
862190240118570736831901886479225810414714078935386562497
968178729127629594924411960961386713946279899275006954917
139758796061223803393537381034666494402951052059047968693
255388647930440925104186817009640171764133172418132836351