259117086013202627776246767922441530941818887553125427303
974923161874019266586362086201209516800483406550695241733
194177441689509238807017410377709597512042313066624082916
353517952311186154862265604547691127595848775610568757931
191017711408826252153849035830401185072116424747461823031
471398340229288074545677907941037288235820705892351068433
882986888616658650280927692080339605869308790500409503709
875902119018371991620994002568935113136548829739112656797
303241986517250116412703509705427773477972349821676443446
668383119322540099648994051790241624056519054483690809616
061625743042361721863339415852426431208737266591962061753
535748892894599629195183082621860853400937932839420261866
586142503251450773096274235376822938649407127700846077124
211823080804139298087057504713825264571448379371125032081
826126566649084251699453951887789613650248405739378594599
444335231188280123660406262468609212150349937584782292237
144339628858485938215738821232393687046160677362909315071