190797007524439073807468042
969529173669356994749940177394741882673528979787005053706
368049835514900244303495954950709725762186311224148828811
920216904542206960744666169364221195289538436845390250168
663932838805192055137154390912666527533007309292687539092
257043362517857366624699975402375462954490293259233303137
330643531556539739921926201438606439020075174723029056838
272505051571967594608350063404495977660656269020823960825
567012344189908927956646011998057988548630107637380993519
826582389781888135705408653045219655801758081251164080554
609057468028203308718724654081055323215860189611391296030
471108443146745671967766308925858547271507311563765171008
318248647110097614890313562856541784154881743146033909602
737947385055355960331855614540900081456378659068370317267
696980001187750995491090350108417050917991562167972281070
161305972518044872048331306383715094854938415738549894606
070722584737978176686422134354526989443028353644037187375
385397838259511833166416134323695660367676897722287918773
420968982326089026150031515424165462111337527431154890666
327374921446276833564519776797633875503548665093914556482
031482248883127023777039667707976559857333357013727342079
099064400455741830654320379350833236245819348824064783585
692924881021978332974949906122664421376034687815350484991