285542542228279613901
563566102164008326164238644702889199247456602284400390600
653875954571505539843239754513915896150297878399377056071
435169747221107988791198200988477531339214282772016059009
904586686254989084815735422480409022344297588352526004383
890632616124076317387416881148592486188361873904175783145
696016919574390765598280188599035578448591077683677175520
434074287726578006266759615970759521327828555662781678385
691581844436444812511562428136742490459363212810180276096
088111401003377570363545725120924073646921576797146199387
619296560302680261790118132925012323046444438622308877924
609373773012481681672424493674474488537770155783006880852
648161513067144814790288366664062257274665275787127374649
231096375001170901890786263324619578795731425693805073056
119677580338084333381987500902968831935913095269821311141
322393356490178488728982288156282600813831296143663845945
431144043753821542871277745606447858564159213328443580206
422714694913091762716447041689678070096773590429808909616
750452927258000843500344831628297089902728649981994387647
234574276263729694848304750917174186181130688518792748622
612293341368928056634384466646326572476167275660839105650
528975713899320211121495795311427946254553305387067821067
601768750977866100460014602138408448021225053689054793742
003095722096732954750721718115531871310231057902608580607