4782202788054612029528392986600059097414971724022365008513345109918378950942662970278927686112707894
5868247209815242563193065850526768340874808344294332647974258932476236883310216332089548473548057999
4334130982598901374380618710958104314868081377832153049671560156328262441404039814320762203627219040
8590790537203475256105564071579263867875240985573356522656108542128577321057879052328865035355873615
6793636558899257115744201538320917524228430469188114274006621355593035168537039768126863857503762277
8794958058208183126172570100349820651232987267723348951095346937568303703837399969677158578890563911
5522613405495707184524158219208223766442059014593330657009722153962376853423770486138578089775621301
1678112991664073617466066978081867579669146712460737129042005884089231863877378876752928869537970669
8096740605353012285353903696549022478492464900795489867850331465554647550450168618735486696437455261
4120640782949622452027788962138602665933147687696322089504278791624651519312327831756553779377194524
6733958192814866685763840195907201794133495829703193938843888104945460403420875365636283321520731816
1430072176937142623851754052084521466531330118355196259184955893849902534878037671647707393063443684
0084468255937443451690315999349137664638968972614199015304906547819056227171224947070739716300953775
7434413079205018635322344665456456957743318850449782501486634673721303920998948521451909982328787724
8665051301081676990289251871925006694721570653621624869624056925686555429622155221156042777866254593
6998801070186162601476474293459830183651273363462732675883060701410359254829149774339297173680765610
9595999113091897882383501316356726614359692182399771969338743954039966236755805282112071363963708580
5605116078177098545257698803233381293927275210194462952749031383555198519709592888523641530178921867
5141014541203096191270934369039522098280317668942061325572349643638403056487349290884223786292887472
2312190323852810340918243066189477407272655242848933044748614549420767990417394471658382816714104358
3120679050191452732628737033997470720601688256282740427017032260672798034347932642573009183981307771
9322455394763960606588214326603156141490740557698055166263044447583756711516490181193442236859424151
8437953893357654321299440548553451558592734245618251468137147206062877810212409237080214922983496351
7952727030296297015692768651163505008040728267425236264469571076976886613730278931360967438271901738
5508484663373476120843567983065059558072935110637544240807350667082987233779768874938983584523095638
9961206163186343919671120864643846494709632300727292009125861472679997624967098527695035357339244162
0265772074124868359220282898331114083392330243391779797699031142584361935093675448381119440881276338
8084204451804912454383884180800945275626668057628954763384641305107753773247082495804533355717481965
0250708197304664228261056975105642897989511821928859763522290538989487376146421399109115358645058189
92696826225754111
