3460882824908512152429603957674133167226286689002385477904892834450062208098341144643643755441537075
3366448674763505018641470709332373970608376690404229265789647993709760358469552319045484910050304149
8098185402835071596835622329419680597622813345447397208492609048551927706260549117935903890607959811
6383872143299427876363309537743819484486647112496768579888817221203300082146968446495614699719412692
1284336206463313859537577200462442029064681326087558257488470489384243989270236884978643063093004422
9396033700105465953863020090730439444822025590974067005973305707995078329631309387398850801984162586
3519452291304256293667985958749572103117374779641889506070194171750600193715243003236363193426579851
6236047451209089864707430780362298307038193445486493756647991804258775574973833903315735082891029392
3593527586171850199425548346718610745487724398807296062449119400666801128238240958164582617618617466
0403480205646682314371825549278477938099174958025526332332653645774389415084895396990281853005787087
6229329803338285735419228259022169602665532210834789602051686546011466737981306056247480055071718250
3337375022673073441785129507385943306843408026982289639865627325971753720872956490728302897497713583
3086795150871085921674321852291881167063744849649854909443054127744407940798953985746945277213216658
0885754360477408842913327292948696897496141614919739845432835894324473601387609643750514699215032683
7445270717186840918321709483693962800611845937461435890688111902531018735953191561073191960711505984
8807002708870584274960520306319419116692210617615760936724194816062598903212798474808107532438263209
3913796444665700601391278360323002267434295194325607280661260119378719405151497555187549252134264394
6459638539649133096977765333294018221580031828892780723686021289827103066181151189641318936578454002
9686001242039137696467018398359495411248456559731246073779877709207170671082450370745722015501589959
1766244957768006802482976673920392995410164224776445671222149803657927708412925555542817045572430846
3899881299605192273139872912009020608820607337620758922994736664058974270358117868798756943150786544
2005560346962530939965395593231046643003914646580545296501404001942389755267553476824862463195143149
3188170905972588780111850281190559073677771187432814088678674286302108275149258477101296451833651979
7173751709005056736459646963553313698192960002673895832892991267383457269803259989559975011766642010
4288854608569944644283419523294878748841059575019743878635311920421085580469246058253383296777194691
1459901921324984968810021189968284941331573164056304725480868921823442538199590383852412786840833479
6114199701017929783556536507553291382986542462253468272075036067407459569581273837487178259185274731
6497058209518131290551924271028057302314555479362849901050929605584971237797898492183999703741589767
4154830708629145484724536724572622450131479992681684310464449439022250504859250834761894788889552527
898400988196200014868575640233136509145628127191354858275083907891469979019426224883789463551
