4315424797388162648055235516337919839053935043226711505165250541403330680137658091130451362931858466
5545269938257648835317902217334584413909528269154609168019007875343741396296801920114486480902661414
3184432769803000667281049840954515881760771329698437621346217903963913412852056276196005131066463766
4861599423667548653748024196435029593516866236390904794834769231397830137782078571241905447433284452
9183172973242310888265081321626469451077707812282829444775022680488057820028764659399164766265200900
5614958003440543536903898628940617928720111208336148084474829135473283672778795656483078469091169458
6623016970240126024018702874665003344577457031543129299602518778079011937590286317108414964247337898
6267503308961374905766340905289572290016038000571630875191373979555047468154333253474991046248132504
5163417965514705754814592008594726148362138755571168644457897508862779964873043084504842234206292665
1855602433933919084436892101842484467704272766460185291492527728092269753842677025733392895440120546
5895610347658855386633902546289962132643282425748035786233580608154696546932563833327670769899439774
8885266872785274510029630591469638757154257355344759797344631006783673933274021499309687782967413915
1459960237421362989872061143141040214723899809096281891589064569393448333099416963229587799584899336
6747014871763494805549996163051541225403465297007721146231355704081493098663065733677191172853987095
7481678162560842128233801686253345864312540346708061352735432707144788768618619833207772806448066911
2571319726258176315131359642954776357636783701934983517846214429496075719091805462511414366638418943
3852576452289347652454631535740468786228945885654608562058042468987372436921445092315377698407168198
3765382377486141962070415481063793651231928179990066217664671671134716327154817958770053826943934004
0306170045769113534918787488892342934934014517057171618112579588888927749542697714991454962391639401
4822985025331651511431278802009056808456506818877266609831636883884905621822262933986548645669080672
1917047404088913498356856624280632311985204368263294152907529727983434294465099922063687813671540917
0265577272739132942427752934908260058588476652315095741707783191001616847568565867319286088207017976
0307269849987354836042371734660257694347235506301744118874141292438958141549100609752216882230887611
4319964723308423801371109274494835578150375868496445857499177728699267442183696211376751010832785437
9408174909409104308409677414470843632427947689205620042722796163866914980548983112124467639993195537
1484012886360748706479568669048574782855217054740113945929622177502575565811067452201448981991968635
9653615516812739827407601388996388203187763036687627301575846400427988806918626402686126861808838749
3957381812502227968993026744625577395954246983163786300017127922715140603412990218157065965053260077
5823677398182129087394449859182749999007223592423334567850671186568839186747704960016277540625331440
6190191299837899147125153652003360579935086016788076875685623778570952555413049029271922201841725023
5712444991187021064269456506138491937347432450396626779903840238678168680996201587909058654942350469
9190743519551043722544515740967829084336025938225780730880273855261551972044075620326780624448803490
9982321612316877947156134057932495455095280525180101230872587789741158170482455889714385967544080813
1343837550298872673952337529664161550140609160798322923982724061478325289247971651993698951918780868
1221191641747710902480633491091704827441228281186632445907145787138351234842261380074621914004818152
3866660431333448750679035828382835626880832365754820684796395463838195321745225026823724413632757658
7560911978365329831206670821714931677356434037928972439398674413989185541661229573935666861265827123
4696438377122838998040199739078061443675415671078463404673702403777653478173367084844734702056866636
1581380036922533822099094664695919301616260979205087421756703065051395428607508061598353575410321470
9508427846105670136773979493202420299870773101769258204621070221251412042932253043178961626704777611
5123597935404147084870985465426502772057300900333847905334250604119503030001704002887892941404603345
8699263675013550949427505525915816399805231906796107849935808966832992976812624423140086570334218680
9455174050644882903920731671130769513189229659350901862309481055751956030524078716380921916443375451
4863301000915916985856242176563624771328981678548246297376249530251360363412768366456175077031977457
5349128064331765399959943433081184701471587128161493944212766142282629099500557469810532066100015602
9578465661619325226941202683115950894967151384519588321714798274887926185141781997903441728559860772
7220866677680426090308754823803345446566305619241308374452754668143015487710877728011086004325892262
2594139682852834970455710627577014217615652627251534074076254051499319894944591064146605343053785767
0986252004986488096114486925860347371436365919401396270636685138929969286949180517255681850829882495
4954815796063169517658741420159798754273428026723452481263569157307213153739781041627653715078598504
1547972876631229467113481585294188164328250444666927811374744948983850643757875073764963451486253063
8339155514569008789195531599446294449323524881759990711913575593338212170619147718505493663221115722
2920331148502487563303118018805685073569841580518118710778653953571296014372940865270407021924383167
2903232315679122894194862405940390744523216780193818712190921554607684445735785595136133042422061513
5645751393727093900970723782710124585383767833816102339758685489423069609154024998790745346131192396
3852950754758058205625956600817743007191746812655955021747670922460866747744520875607859062334750627
0983285934800677894561696024943928137634956575998474857735539909575573132008090408300364464922194099
3409694873054749430121616568675073574955588234030398987467297545506095773692155919548081551403591570
7129930057027117286252843197413312307617886797506784260195436760305990340708481464607278955495487742
1407535706212171982521929788697869167346256184301754549038641115854295045699209056367415390309680414
71
