4028741157789887781818733290715917677224385068916224200410299635786945952408874008676398614614665371
0383329941358659235907550594256021538420320239250528294964596654681298670246293679559813925886213430
5524073117514011710850957577155764134526698071154024866570291655743611106521552616792435986397703408
6242753262745140776033810648241291056636072137174733071761563227696645437427679839693184593840599383
7987806027557293129788208526372882811767972047853647539734797508580059680824143812665396814199720775
8226940295714228111203845566219741262180987691210467038513314695804493896376930579454464107580662751
0955641437922533501494469633270621648650682845269469537879488659773164360041630376701562889816216754
1572912513743928671488349889985664771332548902716593417864182667160031490820770758191302867762733687
3027019891101782199420387568674902708563560335665422249993344641004256625323906242830818468942899074
2349499939138597297565091489407937622350523978994767472433544821423418185666750799719662904545551001
0679483112287331693919068780707807606950753444454378301317518309933830186849524946035143773262913914
6367120478550987016051281632788132605645720897509405100164087829546634973283901954415020317318121023
3434214421009242406304491625683205422660250291638987092995199313646011291485509185885005430715674826
9203897920712116518459585797265079406772176666330487755287753073551254183125465722116368852001048132
6670262947292075214957731951219393131136071700066722769000670606191390991061973242967512911264351947
0432969800841665528609874717166187763102673117992818498256345720945863515689800012700076995002293116
9996515715951766568283142894919438882381343566959745753486746062073742490155901146647373906755242031
4197465985734592045469444007987504268282567422361912607903782885199294253733275346340104383835614315
8894195357612153024339317466508455943366947037038077373071649628159782861008338286412064365386598078
4692175014191450863232860153986451438466586875171107898071489723816718058172861675306250751174724924
5808005997622111641863200180907569048105964570792432318670249656718941478701386677886972338475477550
7562780489087458558571403961608409156400001529427570675790801059481007912360061138160272949540235176
5754522936841021156989743630280325323625683480217470812920838088158232249787426049746518032656537735
6632463319881488797716878813402070865003833358109311401638399789940308755319571548916779442616446407
6243984359747372548595672163303072512413561039826923076718844384203996647120457477173498533262791864
9692662747670283536561663512039529809499681349464029253764502596480676361796075753431759990654518628
5779936362239640963157278962749735238734018031963137162294519353089671616839856140612934423376292800
3570023379482911952318919163192545876380237199917398941353576675090388906937622402919803365510062430
8247503737427045463405558995482952926765329443125591968186626470815051518212086700720626622441357857
8766316288292200080204069908595880864904593530195791992836066271397322016336401432076989173442258953
6470324305588771518925248525541461671468838537699105612463206947055124570889217119786440567031357709
4738663472978765024173697554322425514722377074162976565017144454111534118657716426700966652177840400
7908942572204437357536447013202320449087374359119884688896570653153635965699349888166816675325403419
7399230120692850477507080580983695461480665305127059225057633393639734487435512752836286568346704027
7033890120353882586388527337272529680233117571122695445036349335578239641690123655409522440844851515
4810718941778144253019735772286555494888482992676834736600663066924318505506867453994455209613903356
6613815513031707076970665596945668210684476806505097460353844057389689522952708316284767136020968132
0052166229770222864138303772012744507729541652286725108625930892425694913054648252920510706702326389
2250887651080363021211434271433397608989308330364300732585576535892044008832875413115983363441152995
3918933686578917790649641686436042332774230021602824086505623560137375330537862115987368055570643448
8664079585221580109298864192394145593692823239955823509827082153492653110351340097008124029892110581
1469814438250610289016969531556231773644918713398451013610901563088260312670567852392406888546913219
4085851583130600527208280199569403550998247082238995498157197338242163511583218466756077718103341385
7160655904157765106059858641094524241435101057101365334202909514179370387940205512396293869817982858
4589043431623461565217092474712504108095507185137084361406290374948975337884073889633379670194520143
1625055359824805572407456507895042339937760487109650807388574164849885310033808958031147023861713934
7091804873541481838039245807119326864157984193826793548100978606147490699272167835318448719485024999
0636982112425783667423987765795687026140087895862977235482997376826723315374113237914901333805371711
7414334978517368320699926538558700025535691868406590986072170339478041444167459280194240986921564351
1998397650823181631838937922195762880843293326015802569692130149889856075048804362100069485396073838
8398663132023687388772635827865444684904043842288121464832536246661065981285950218766526563040447477
1953295137326410904954981775698362338904647988430053077260032166769814484339118143581878309975624261
9763936377048473380949365998918337881431961023816361930620858134690116948733230732499928981637440392
9506251166966203697910688044201904373375047065577539903412318702343216051705155579477611929334487133
3863636808017951059653770973172177406290676361151943803318728505166487354346076766315227457339226914
4056818971744620021379034199200600241092469942996433550737726490057174886308000943528027580668323191
9932634328199443166043464046805502904952823468304240431789051431145750174780573029159376608897423116
6577546469933772520589965843170211865178595454029485546408158125801118121357192440949277776051389182
4057453481356186250033065424457178881237852092706478343512298585472603847273006210184515624169201602
4941211265239314166182038758409312685384765540405212510964896838371037304156419933879530352086544022
5351097896020277472236508588534826716481017553654813542280918638050116215788838756694049033550898885
4937620872368209056434110293047522816331305921595927122608194984847788935333747068467780192874632825
2980236259643089082064765819268977684271297091434221420402203204816051843790924312901306330991292496
8027443638983966134077821966796123835494156105697838915269193963360774619164160106666838224810309666
4669424153337286342893578253717186764464082971994220223325258494521111456166957050126107945417441908
6577258210544440106662438203017786099053725933264345420108025868071488561671372008089600018372791881
2070126961109457756146946507375185423225562966409772939358942144148694388553587536060033970016379070
8335378070743477961387712624909803349356571826830557157818270369312208954344574378602640578616367745
3587602709733484635893390989079294709002676276094965852942303062635499907856117575009515746557862539
764756574427752110896827606786025282039152876055050854511817293890036743355523779264511
