5369279955027563215223382779929453006110209940421240059156786394433534629821034798964395551413140596
0132969686863720799458820182979327264829835513955207750250092259767500656880657625953753768231959885
5314496743600281878930967212777337934230178148258662115597931785154398198787464683485718104780447556
4549384742902614533220314648067170517280043873263763154262741610492769197017917851623023986217898002
2273656747657675108692204225243781585757695021681093658155129054983637914314761607170758595843973261
4803273694744410702078517433498695993129289109929108098912546091583458483945663710856228742769646421
7860425939550487751865303520815102788933803315773670004365620400540620215908404111861813304139597588
1170358312553233296644425654649532435831892411411361193895499052761669901083226070209333356077162951
4785812406351425854817578378181247641432895384069007353009301410156167303507784506444595829666651556
0881012060218692051434086120308047848091991882470072674844800044631885476890571341650816356269637298
7773877452574728817673940369241712516874511694266328502730180870261493079709073274544697014037045750
8109459814813547883216727381970474831210805511336197835126822276448269607696213660208306834614842876
4931438653388584327784471903340483792480430458687150143450861157323930854795590994421891901287038520
6534634378792522037118062484392223330278012134636738746810332340007634718850657155282774709380352040
3943466763721458550107336155592436331036436133828607706547415861213048163637714599404676701242914570
2545968908393014617402636349483973263304567132119570655027115539024911523100868801940821833392736952
0187369075401573400194433631201214499707331547767936197166422917898705317207353668651376871099262358
5843767413241216221204556242033980012771483270065493014924235074995321651948200630055767532506955633
2867048356376992409879928829190125473112029546545085347095970594948285666436532259866710347973368132
0605253735927270540443058923189960735894342227072406932046111229142804583927423284462862766589528418
8603708277867418525677743342878082962691720031604050016860082177587425087826149146490740507378438842
8541237236473268296578281726928568822160252766601506647531927570031667819646925747585531983471242988
0422448210817204715792085868515651709589834953102638731990480581587607677840066844242448274018482516
7003623109522426448145539027756151588913117656396633569200412173077578357271934849727160214821988278
2826160026766019288503392869200279298402942392879904494877406118472372725228953015399230170961057766
4783778888293527554385171975133819336184146821511146961519820003956227601991611760396738644504338177
9988866697399348378689587613055776334831706231800182765322758074542702792122119522411888655613582981
2126579157774753292552617493152446503034786981885896244301653780717714918239914544940475034396898872
9642678213749235312266643696921540723271859646193110296018122468044058424501343997488725207973831731
1620326677939530171469499293922064964806117804016036669916116941446344337128897338111536161036637023
3919714170784749209755914673122164226989618926074786505914030675842591566059864232908279815083961426
9017093977558133358541364331430461850723139810158026779393218216001496978797039458669950996849738018
3558149127952744618559683842028766311071536735152446136671966171341157412636218981595068449801980979
4324268107938699086524966791071442688716350597595103091252530191348863456717213762806903491553668404
2546012891474722506933590985681997749287576612891431400692079072208476522647728958493379601361633891
3540803350170929241165841379498915341948850672417039514954437150651945331235178407702840712814060356
6160248376695924053130081623918863609105506727708612400009563541342203935294922566298955358356726874
5700856004821315688515451990693120597489937286251519299602284913605140842206156379490626868838975673
5858720654980884782118493140641309389974499988187385397253453473004147517447122481189104627948782702
3394874008721263712128625366332460844732981885254713198418678365347500847433385274496506948109388489
8779505925078171782384179729582693921548438445726507512889855154119750330265712377030535894724397237
0817622314357766286824924664617312458079840237464049010300812676900067685437672407147649727255552381
1415088637266660242618608489314683344352631531976185401447633921285294374350177920534857856623865170
6770626680499795843289564038807669018955324606433218276386777098195970017717083000656309870250365244
8605598122697817372883405707747867972959373288245893404470638003685137502146442606080328822261302212
0588362360710372519408563938614767432952043242580785474970810558245399546757290943794399426383967879
6046672786046757673773106047459751612291975335962446183295551514449020292926666707413599048877493529
7133822706749690533265454154571252669459165486791637808926124267363628219605204427085629851380946059
2095307454207488393746845658709186560107700490002826847004749710605809375896602296601705964354796484
7376177402200987254676079351410103484173926251146993836966314178019040269410227328501981209084055014
9938731149252423036188856753632811618788461398238516051918802537503534413532591180842360460936223433
6347175290241889712274389183593137361201194877673740708561487950812231892555260368856212634662277016
3043288886221385756753304403169933351488615669879421572155136716422133136514829683344691234016779256
5467135738506197588641095778085680704224950017365935586652860867304590077169799315035232413675903120
7634785538191947007370896167076966370984128416124808562420060982084758151824030005647930196505124949
5980347034204320663489209870231864122693963430131950551588582892219061603231378351491484980910409630
5657990874530749656510503286932924317335081647078601846232831686502334824320486617475988469214204319
3480545481541381504846850479189939771034041007373967759749325874465774216556092778932644462462913749
5626851783231986747710750084803797845874331816583720627392532848047382692411495134720263002416760574
9927207753695042682035033385298594342916597234759945089523254791603358656320291583914646994925658408
3044270738519515207973232686797268147528410839544967639625638691126124568236150228417704835128133804
1137097515867587723464405675234224506704722221224366274635513030012276523168225406702672679393666366
3850979653046056856799537651892093190586095848175774915375109771173568208316540795984581536437782023
0314942580337651772875520499096658594870665092183540776620970231125043204967312269768022799527022177
9899030856160729439812199453855480482577954612989370456125839484181667900791819398240714018111418555
5871580912062798270238422352202348737749979193460762889122749496620883432710880473208594975042646898
1353538004148173019639788635997417108096135095407975151964916493648708493186836003361743821594454361
6531080783192373752207098067444512045585204508252551062259353224078670154032735358540678021203665252
8586631575094638981200558291245965173576612577295663306376423411163518798632820708680271902230690006
1523365514662218132902399439979447909249715501790696584302449391254777344442967034118481984872669977
4949479638664014587438581353858523759436110406696413223485024495175628325016685400946032067942764689
6072530767466081154944145857034751129244092617388266366115758774905917336936907561096833793983832960
1810124227768330221240638589788620597806869817436880217696614598249443750776829294582152921327984225
3019485024002993326083469726037568115021753712149077069157904969272836200436891120216340212270236382
0193538932269636419669294444832743201910449836686355597935558721703247943883452699305258811193420082
6264942924916093967119423396971356262482147253595582653994741441408820823799604639976587031006895460
4404120489133704360600354236312278578610783073833269495093228277278472040161588888478776605381130008
0603997247756424321157908617323866348403718505757111565532561071448093938089312978058846939719278574
7388466559836758788910687513698826870805453828100622895233748929640061278882804647001152931750622305
0535466440485996192976608160718047885295853996158074537827638202741351459063060208192036156432371328
4823393985321251072472774138198145431080963058703994216602291835183161974062655355248409267070487729
2708332320425042690156719037444165077928996146148100288449362498502947389834658395228864817756854999
9037308781562825831977566838838585795274038889421757836072497091418026095036945894455170038810542662
0089720448795057760107937954453403413893839838527503828883132228758871841351519183895034819163617352
3483967839626543118923661041197126875374333352404282539379544204138847399364541924147100886166229041
5214200582232298626701519524289788783337292504977044022101449443995072406814783500469364890217033725
8473711865954345519961609814273903055967301542136502171275942334896856160255162770753504280120886428
5281759330863659313975064397591141096241818718736379569235739091494825918022328467426485753378723036
4086500730989689219200450804355945140325378087022878388866205488120895049547526416567235055250563406
2782947246721472676767811452874256984543629273500885573488024931118971515522514863188929808753475255
5100501220534020975451212717424882393913119951098374687795252861322273430646009180874922237695521309
3872575529470499048139590740408677462102387709558425171297769673633200068357536527907543444256409074
0673528111763174513551507522733817035933415644768790995679470081345696080348516518912171903110871634
7296472419126684979248366647537024810133544831495852573506706085276437244935892604199257606506971429
8202240109538632898649369577798058805812967921005688726083220445796037827638881198216503265841453693
8283850740981052992081707628696642360929966223461188974195392208646115369326247607989588896886238397
1098055260176404858767899627567434024594176769106862640610976517507254680334254573182019826691587646
6914396809259778015025490795322481057980493512445264742442374182678665701516135812171026907547337577
1304245839462292687990320359476323006783439313556640181786845523590728150788669329161713396189508602
2129599747414767245294723381419098361150432173059422542888181206291971733511108229873717586748773140
7360764389444675054375032747353944041973098383687385155010318512483582116341565468533487421241837980
2282675337394785065640765095680817282770059685271551100653267653635005143628906218348029320856593581
4388769632347468616734052625313504895195393825938810224820222618628954641408463829405745261304118811
0604060931363443375161653145413628576252052492824288055755911389264379507827212183531783737416904751
3925992407669518670033589946030447513223116445013528599858870717186122649324733658600707440605783491
5469210045959861634639145414642536950505585023595784849592265555664660580060773941184459210612663397
1006550059507465747705302993661192102617964333169463967614025345277955404405587981964983428467117434
6660560543043998937916141070875321679954216552143139680915452438258024042264930112410595502906029924
0753147899555467804173166298289826405258442310814920595069670533875448748153824748673794623514438753
5797333723567938758503202922286226979748733753967662196887382088211722664969135497296570050437483721
4951743156016623879280605530762423188962859035654438824426481445008472192290296204982798956485748317
2037996743017685527610009895909817478775138534117390085095648648707730092993455866382557203592432022
3421899852383274091827725325895139843225469974106624834873305467570634025917454303223498705964258800
4590245917545420688552959306837045246782250335662409312424403810301559999734515590867997862666881347
7402049813270055867830584551107084625681886910247014676891437770180716327314668045305038371984639929
5086381788577437684254539016268231599196662208717897076950426657255360967612821174946863854320200796
0413013603738689630293061791988859079833559241339492696005762457424477232981423411758285161437525570
3724530856833153168381049394823732129823146987858379830736091676809090136225117013659434510165097046
9538542857389909450415543527514771445463581406675870844004189302550528336462479819277905283321192186
7083485531516112417852649436733182792263616061477685854775641284259838640756694231832991201903323546
8271626950227576504499758195050093340595276700585231459139469958077552045438679137346818536901377493
7500261815650485972040177623351923145038911430122108894184765533578914787024713037836051729914708960
1984242765224153386512604335658215389519381516435851494987299550043797924385967320463983970108954960
0231343774493067260013785022464054639243166503340036510713678925442939879075396037101332664447027642
0565623385393714670850146470002566981525949443096109293892973348739894808228982218358593945936211777
5928515226738058941530303554536046544780292243668626960154986248240104438372651031657724399660120409
2226483746542872114000703379045114136547209730362143860520450666520613971915557112539236760381256003
8528355554974670969206510886368993092871573259771849204591631321783826627662547359320616719768765476
1815807344522761195859083267320605738271134818528741149763477290205364998915247057149220720940539224
0889471163470587991371356877776990226869402049255685815129715259842561250825336845190044500106143750
0060688885352320044643409788469625642937873812424350205784723348589934910026065409294287348790392486
0165749695157450983530247646067745418990449213360795835302241591859519066425742200049056021030852824
3965110745784706839986385854946343923830940875923734213776656026991937820899880524870163749549978047
9849051633317949994528732948214050254896155294737784856768616224566595145223673507408114484515765575
9828573315114955080028306878627487965753832494882177378150225293652794662248259862560162523627184377
6895319332066779990206321415025313195254866852650881533013927278023762704028106689049351578916586834
9495046034560380407126011135266066501890029472946386069169254987667596526120551695144834123346574797
1088088781939537394008220633998015372715463376422069363845491999185566691338477444701280443186209914
6867043055242953860459937951949104342246961494476572063438389200467142509473215715813836777173957203
4590443240190753757910526826612787311580709382575684679490794859945807431567848307063990636437155606
0976912719039944396724077556219100612309156834829222633771612593836217784546942200510963120187360108
0155934607140817626740309015389786082744223510343589737480073002283828792646647526084499701846589536
5555869750817177294562618319335601263992189001329901551344472218589349635393921663559804678645581037
6137513608133932131149818983971840401231084264502976114241646025855795378141325676163836890850406679
9001879494357343002259471938172722288843853889247666323726231681757373166919550838301203857962189242
9709965720263037144388237528923252173090081091755570732687497891952615046676728893990304449259622298
6151619092306859537631337760768209083056821297598978478732049876095895412487148825305790040502191296
1251594175788582878128680308706930613182613191323391121165474000931680953453723239744533481154803655
1140704133910119863364137964676758551902716129009251106572202562129575210302608037231221460503326525
3372556534478094992050298871012630943802330804966732974630060052143970280339520520333071218938659238
2286703945223183756606497343203272061800716920659095015673583893998821436574691381693351516544445725
3380900342436394295553393265354673406055101914256271452261443862116361550681240580399287630161995559
7241535375241262189933070691918098235697699274186075515213614541292469399510729048122783037990256804
8878524633411408626701444197617168295302774009486284517745608617413398990361669979894984559512789360
9780059476633635903040057332990988629510759083772673715287883705173882285390128098831534522466427774
3267710469523203091175393290426625684107632313491344415351025665273836121548365940376868870852141716
7280840523309627382993055001427448386134585473126637427067152226490403257927449168638035196977920084
0020461174679127743832793759816166264822701159234769960994511781310679888942922470588895575716212671
3920292833092310481607042712013198968170549307020643239013794355616807503678185648923510734817188255
5703190079026322081034550361012823341346248586502627208429315916814035408330805039109539434211989173
7303356872227582195952714488344091880687844179220232928302447644332590725187407008552608000469179112
5487213247404338015296039191672172235806143868209590110058813342295652069273646355516703299210563604
4772161841567103126983753463597080857197684431701197351548402340354252556335660110780180013158569178
3786473791185566325904404512625640646873373540275686618224241213320145447191555277092490656696702136
0184748363230538903222377094076549963464157307039622249550416762586779896300720072937963707112454150
1624096111692478940613598988091065327680171816812066981997037100411966985071587877491015954258487086
1238858552951712068890419051761128336157940496148844919104163377405975696263603668726846658167746533
8091654434013015705096815849072367913208054776985553950424642195956594500460982751551667283016206207
1227907506050893843607269033156020790045890210370843422154479473574895283722271293263193706303299672
0798535523117263682677700757221212278856308449182880612027152551844906422556540620233722521810195972
5669328036967782252532361619502739719022221493893751958387826994633652085810662527155714631590755287
1595569947568465404408812944777179734123755318617285437660892071480262700073041475337436538399065071
1688402502809518452083974628220858397757587722883683081460612056150186306437695249842832736717592457
0398676997511931737753072002176280236857020049109464835505146244812885783327191200963393712069183045
3844828486746005050105074430602634863238767100213696195468641889178761817014757138019481064996334012
4235506639033937048170552822348584203485615473152319922870506519842561516285245094712246285798722501
9740037925209459731395708076139784094404791399111419825930845036475088219129449968047015228424904558
3218837181304569319352822897802647451141214012955467372296535310948540053484690150760617304781085524
5934672721353655817476688377869963610636789456091443638738449081183392923419631919966169199491770895
7234702646771008104414640427517594612496669815445997467500285085160610003282337996078882003650039869
0228763427956202557327553922008068674770706859084544541712297158686457580095386428363006215780076960
0444983630663974209129804743932591797407197507252041918024025516344581080504654966643132061687719383
0123637001750067629550016940013355276899488187355544615714546184188768556488775313271363942648139325
3436084992868801799694751545467664322207244217360815675358553273387635694904790079604298571873378317
3257928570183562050777298976048086124820895048099242719824110530216961592872261090600066107163320018
3929808058105854177371575838304552110617592284628663587773138149249703789571251175981026044664309977
6556677223834811246585427290816146166886183302148373019258672021141875216943041602273027948221921955
0931514648350697029967369019145617751261439554315440934692429589807846443095234758815856901558202861
9868451904265302445611901103399229107713996617039737333253253149965069957207489603151352736839612926
7612818366192490937064111225522752646481962331283294605217403009050675452390661644258551412912149908
6627314149367923427321517755066200639819003688667156147236205321803741783795837149605954269369109168
0379927542890572955909994299028102406639629824294497887672289521051374065737223152785009475405761064
8278838293625975218160613314599508601646284376885229248157560888437523048709688996902322136179212329
5541336182821129594183934330623159389252869938665450831087474360528401881235332379887974626887694171
7818244791875754461707934459437679334751682834948999714541478575906766511365872440873108480929777995
0098377256792080612030823402552072110970306623442753433225846093342720690951143968557333466786865933
0047766877587985938001352949618177480131054779505399987598472638718435898750598138972398530918287555
1979604406463869120722026465515477512178466912070131290857638836893512335536233207844671601666369016
9652616888630149901146531498209138072487411067344556943444713838624120988408741457729264669261363149
2980083937504110763311065590647773306672772547994875488219395990492260906622356803693137512427866741
4116094213406134654146976827223625193104323128644177594034117331072568470589451404386759646007208934
5532924994811828816821415946768221617570255074253775986288553129386016190461706890667605593367370849
4946523390050671195083810068972452989146992135510400298688818396490861122830969842432942014561566490
7714593656852595647325653895153614101901090281869675643533648000512077462158579973229101053539132960
7613556183983190325700708279312431845777915716496394599591600228564070372610646188477628219679476725
5536010111556964432322810564402665719894237947647963557913802548963338034298320057924167122632588551
7877036280383205013991089785358902739387620840284550640523107909290994950404571273986383785177550598
5068337650931015506712641274402256543990189782821782985998919705838084792007612518519896655503426746
2013678624888872738714558955190508236004715624829520872723691655633138087656426305762545499291773959
0704929943665847595990038081500167276664553459626990392092892802837341206131963855039128025399836345
2122283126820854252657946744878907604897669171315776564819418491082064048707184702954747356045726940
5332368836922903997859408387261460557319173553742730784106833747895076646833115284130245194635226042
8684078092620032703813526498192818939162831865012675532413259723927236041656168646739088072443099387
8039103294438374631583865337169756247696699938169702442803182237358627760382270714036787463423775152
2095794842752700554743052683862753280669253915785792522401386139606072317274921408063172205519591561
7688395493574271696543133045365728338702285733981965478436685359861850521795318285951495415316006973
0475321333118773113748116341653389431216106529153135786279515123773294112562552744173424537154741267
4376071910665396115065010492088898449710446426324108595677379317831021052406515213954334687765034990
0364996691164972656066193040862146861587425095642646008213300241029759512169346594943171235750531551
7782294623395002059807822711665590956123163398100989092764586371477571362139214457415971568792974555
9120623855586689627550913209963173121601656253797386713315005164433763629335524021051735693581411254
2759016542383232799033356743407179669499636299911974554410978940175269058273554386625595529873730466
3508687605879625539400473160273905891779353197492115731764058205959554893236127365145572350742222345
7942747937024971327525048182566772610214701077427803758254075304431864258835424031905572035153476150
1942388720524857743456716847419604006756750815412808256939183095036656276371228968438242608330219450
8897559642466226990415446948265010689865456167756621455694771401882059729523354992739028890157477890
3720047608437650303118931783330294722041388030867590063016036950856012050064400483537270393785740948
4529851937149073114312746480567135954795161494550273692246599563671226388020024509771593813496665035
9969970051627449115017304809091321431582580827198289298650466693243563374369434932781022434325726412
5901052232035419940030791316380604725613479324226517659025971021489641229413621955405955756237417441
7285164478635213601473176096918809227950011384883364687966265063873287205014240217282489180706227536
0546893045402820951983612761298395586928485302680211373211989056758071347886582494697221763290871002
1330522963964024236513610943184926946776790220757298422702040786160767281635632711657481556946405411
9903531385138263973612861798055060882672984845788528852270805740575921770561330927685330218365413832
4507318597855876286145742537518729811283162487248678089349506342196939823207028553741713938327831652
7404875746326959644629980831788820777465605372794760080563207994128395797735672184900431377537537251
4519523387846822647085906391770204988847573752492322182381534047418635801540897271412084137974058876
4523922450033409598455554634278078688852154882008297444679442857223118293442970968836180925614283434
7348226751838748441386388267403163195585719370578277034186384342598515346004641701204707299820795834
1501175019755026560260700533956058110989541295665886109082648953721784399340251302993015006161438350
2011647532087797724979328838649849635767685778593008954236333982677336401826277699682168973200028206
4261262427218255861456946349203227256998658807367233926825862977725475570331015953752501169350890756
9629017682439893121935619647108661425326638901206083706920818902152090366688203667856057653121857586
9506934824460818427855568204139288589778757597654274022110197916072338368823059716259886993212455059
7692279396492921880164745051895269558209032136684151673287502855655903118303924658704340494089501421
4438562378325610860426655502821476582146402387531918692154534004655271642809479197256284037850612310
1756534565467971969257985950523174914188811562713473651159808007647105735759704387056369054135516879
9741480343427329884424340938943096101238496405134148702287098197504546606999534362015024208357799335
4193076181385153503347300336394997212468099438476327127562830250828621628178095306848328118865875639
6294452602375877177412569109816286163022222225814122719161342247612436997919559413716653779076715328
5958057608903380181525333822993472608900147269045514840503490432565969191140885356865456499764896880
2306303382794038815871041753045693470590480037907203107176859437081968558542414164289265017377828825
6677373492569509830181533629530620408408743726800618144510006453255157025525267986257446257253710950
3440240731662536856370512669892302059970436167801248553301479507498039866576963915825438422696391318
4160458565801205133188386184482843894187108777787426101225387879703690602567473816512335624372076379
5660820306791243920662023575865014789516617753586638579563036834055378477781370640297039260367479584
5874208973205254931816139647555491456387088665459785922163290234690334971548318468117832228572631424
8667783155646060284645000051714558917199240164881090266136902573707212409831769690354034882497230519
4752416963804376787667729277851722915902565735186251922893995884693761059056977054150896001780329459
14353201376915456322320250960867906195719699857021709433438207
