5219283133417550597608921138394131714748003987111696388844721857021695621345566328693730284546120701
1855503502297488386622529513412534217467950730871910368892458820783651888086774707203577832127473075
2867319668008845832369347457264564643034908827129357878385591000617717221894563897526580430740792386
4296665887203966818881644127188326278536823185302433682452220866505473927329966261635224705976307336
8480314490519464702503263558505640650702194150633904278916419451418484060320599566427594516978711319
3743597473446881261240436679515547750440344285209186836065193734110180374612503841496810085387576964
9772568976533115626733686633581147178167854537374386645054536421581487787680673873260827329457946477
2052930764615032041952298986827365278310151843666611528645876151858467674719104589218332770443607169
9101976567868664285641801109622679307022616529824520028680590769604315840135923320593389487227075784
0780311842993502030651236226420390626397948002732496153425437136287482563891064276318845679420730548
5183546287985210876980578315701933883251816471601913793506316740918972122628182784450607468149769578
6234253540754892234713450169706019045741736625045503792870415272862031319404945909093856107416646632
1977154209854449604435530303555162486890044423150383891465784220859099339814855122982824292907630042
3517184068602162984410189764328990129076907383447413258098325143706379196757515642289835810677130019
5908228174103800051038286344539512224158129703979829723112915764525223522264333129266642436047534824
6102972693436258291783024959062081981838812572142511803956525449888847112458483851365748838790507346
3939791502031701973923078448650392945651852584076259130550607139009220734088867713505863795765586467
3763441567801123837051037200924459566526660427364774443893646050584261501292129972303960988022975236
3633215766432725435987253902189301146196983131735602940755230848663445117927665658368356420346865950
1113171404328507421515880861129787029942407624215833851881913500012312005657006677913890213542058581
7746795394640505850821943791485212878987472094602968923306081686912538614282834057618923246098848497
9947357301166335302699325444851058733209447959819326191635260772935604990851134296788845298869594134
2448975345257301813044283938574262199405906722812767235187765821695440673347054809207426040011686227
6219827369342838055389772633836187295433905321434982877884236178185310670524624611282666718777864445
2294726844594574918377285572198422309281050239527692661557089591842761278181057933278000401648351356
0817672199185932649195769950691422491702238362247022550684652534820785390981874430719182159447649279
5837984535936524031488889968666995963576181708265057839955007445320247815086341955317417145775608956
7615842152519360157327308360698725072256365040969792621539584036465460483849963364877060077099462804
5087837474437485219947867971872086167644020421191673596533468840510674483627940089400823411009944441
8161441821355048468461037025747520879837454820357137548185325071979470773729728910681734427354317823
4366780318872649407377187072730875789746785084870361011603837828596063380436934427559741399079630414
2298953192661499146125192802728239958698138969728417825611169290031667397446120629200489935409691665
3956706966078309861311018147026339393191561097413375761174543428251350467322346681990456580289233544
4902334736162918420861856512137424964551732430578193645849344558708572144258113789862433670385490704
8289136996431228566313549370034272168414477638237700594619879563512337693501489681009757383875469523
1681814678922850550263399528319100886075722487891030638782261984122848751095939191523008127873847896
4587060771579566927543809518001023256799064843500598047448092769672112496204842133809466280596134763
9916448711055230920330021443863580142524710143049335123155258554649293260021272135311857660669594950
1242533320274771399126020427055471126760351944842157336479058346459941407909263056255904952997085406
8245838058972902782716657303398011079570340993681978602146016260731415392796070099302915857446184284
4923381849002162750812391942860149208998562566573017521016261427712982483887403635778224275235304966
9832497608983026727177043330261292886349247190621952975585749931637175647454442005986935406157564422
3098201545184395439200495673217450313417117617847652221602698562899339244049925561342019071478094656
1566922989708394608948610331517827403904798279627012875627500643719640276256772322697610594378913125
7224325511527745923670076473548499961193363950335777715091141252416224872343100117534157188962028195
0611889360490007342476142047713725454664181989231971490749598648207558524714435823528801963270106690
8712281910290106531036418138498755325569274132663164308584807566631210513540457420882492059138511782
5450753782647845331830502400921991029562690731504844024746936268895256418760450759695599853987954019
1650667035389903303539491945912991638480371092660980900779331006985407097736196322796802626314674103
6338499225103287834782678109019142635659263317798412343415571716222259971816209789406340795176007242
9970380748082621827249278798799644977591973006204513375663967509820380110284404550918430129311043589
8724583832877280053291902793566611159694010696228754063771664996095787812423235160254094397254125391
1085614991072184731694255392888822785130467140434073192190689494681722881584363663247181019555880033
0523718445569891981957390571953834716380033046496535038470979299719224475694184590484055899837824415
6887880300448205407800127556895875369630084390234520371765003246158785015315017571785917762532744084
0678427019658274028082443538843390088149675520095857075859301998402190156975167793140438116045124160
6864987961539471311475154760926177157285964598765709671247953582384329418306453590263727508261041509
2299017574941271253130505203786422599954246588012241306721923065806890956746479029456426379831947739
5496276560305247659289503319157865487625623280831716498157590676675167045881063335579298861097754054
5197085152431222854687865419796075401302637285927419530621344526697407193500729864166361631403326988
4667955620111309575343217861185691394535706369722324626811632890909545866042361012706332668814574002
8860894824570470697924245923060191425980779305413708048705367467647187037561013151034024987514658888
2298417239440882051178151787276420595548084080320548310719699453115345195058346165801992739251430498
0398554764126899265779300584663624849476060120748057077601917768935135399413692676935044564082114422
7820312384596365137967777832406897936521950848441126025377453016709262624925462598911006058616578491
7815935481740748747893149080167008416089623061439694735880858523973818023291610896518869559045201444
0883246282331273025204280241388275626868589146434017242042021840309157931211813867467410616665884021
2358416581358042628129715696929788409110410817266889975489597441008384768165959008864480551451287292
4875801762272044693944186880614946354749028235816306086932102944842733684344420424351513116399750419
5558101171711507769963992597654450780344736522510720458589263076972478692329843045248108600587281975
1776272859403061641215026350120775692683826189924247289605772930150529526738282057035607055315709682
0769391816257900127785204522267124846726449721169462416985865395483376047435659281322962650589050535
4134635151787948216365327901508819411785142152833432627728196612826280426493418494354332715759068513
2752674318435751124196273923203630619012548408844810214348678138605766885198539313197511357581318207
9908767714201911581199073036608882502670596789551499829491907750261868213672930543849058159251361448
6145775140327508036090571478743601469925100309139079297515952651542458232938433515373375950850550901
9910343307591660840765291351162175584880061690812626147240014164601845507340105104394019415745680851
4619214349250641527277644335769852749920592018866276224986850670679025541799652766770222982000251751
5132500604313453961565148329696168408722070991415891197822983055527178331435752092793749578216888157
2393534755227759129273560428629657075432624496554869239969247055913370732243763182101269460030299507
9860931974619893615087189945722188432287456745446149656492853722243530656108504759375207802360024267
1756689325995928149581875252520763579817026930285253426477336763345530568689085250180550154101605421
3831877009643768787576227505333732128258161321622118682835245796816344395934509868677638696434152513
2393643875972626839634240087235787560614067111301846289309629895879758942454117350369272433474835300
8327094914861878511664919938546847178441862054576369254241418859359997673824895122765329123670077022
7386840494776230133540610284331532549340635355517412122843662609452705219122477540582178844883639610
9702247834165487966911903942247471145356071389762565190254587426850259106614216406520114592543173620
6354259681236123782295953421146036233320706202542802046619108202210601905731146091245445382171357426
1064353912572412474544623474398430268489570080249710007287396127647016508207455570775210190236635585
9930003009876773331829621226779189862539733573218862388301840344480016089951396128264730459713286316
7285590498796533476782410947610427209426752715165869523201813729432914018824665609813028365558164278
2325045604333565262393826754922620162519046628752643170129303682798816298761301937026235221455363495
0912832115260469744077911976287914875769803462939665974267993251517444845781812655609298954155495229
0365028495230047528076275510817038546562525047710332555203233199920185022949987410470356466217859084
5156217158147440781334584016904409736322411265990624391318124455718311957506480335990939569434418519
9654815457357659051454568563634051267549935648884918408830300355239488859326460511963094626367797803
6135351207949364007605467423376526619612619708816827290437234533145243193982617179538944195289996255
9221507632234504171334266986472544999583910127210795004398857842867982089740081035275257989971233326
4217787344319238405282258434448051364208807017830858217633799088789253410478961836671791781243806066
5661167665404965586160176289888772605859421114049525300201228676436639481076283265730005578214880015
0113606552458233824547521450039227611767931768609177762104396438781679801318663558016040383000745958
9290306971126037442305128134400755876633104628748886089016579988113133522576197232029512320385801364
4354191760983660411514591556087245015247095059134575699390131848115923393546207714885164019016901853
9802774780694122832511805913530654175416841867324817449266468300635327702236829010320989398743677300
8160822299531156599134959347383891398276030092123017179509815873272322153183043295085629000760656993
6454419490342239200539463842248283452814424560739976630988284771270307905269366578858096343588951243
1062388571679475283867034334244963409989175538540244389916073752693893749133300836826706594434078607
7269525162349949668136562977602055112294202014796770123317097116456547285358174193561064715626144238
4055202447461052756324428747528360646913527525663305805317605697845478025727444978208876304016703016
7143585092396819962684960847101059135012441805453301361502046181382760303143315966017307994835296751
3044987970583564025330347562433176263856043011505560787841285857630260398616931052435236549903329553
6709243931053749941781216666676849722636559670195363085481243708523193553203468045286868687572241116
4574298158184939040956796414721138273089486445474808310487647939745982194407035977604509797305267845
4834852847898112644010033558956451121008071833872066829245543403377774573732987631488881770654207250
2546494305848810503776519846387216503354243469167270879296292107216458214318938620321916242246419321
6924464009841884911079209278855405066898693333195501241215319619676377851401717347821807293553188084
9035050062503328373348619637470299878268680190699969782337475757605152979396633578383848014733945593
6666307689959754516238886484633922071530920738265836010765063579426399950855264177745045360357798058
4598941652835503888234431915812079893940416996627937805473159717390494043346927552941516362933401459
3855339618450573319140671105403238111862827504604788220995356946820619840224576981699766178364478763
0668623255824944069180939286643322416802183432233004319271910928887103445885987503538865217204903661
8628028601958703044176913852036117145029095687326283867722883211017379819525039086575102686262339567
4692967789134339869310883317245669993315092442377296625594430238980710767988578664735730474557860108
5057960865716938291990517461346949345588040786702324417668600590221394530822148873687230167938390325
6697002833943175269930447366832679341271995051632353238591994119551210089040602136928880395630726985
4820524812158217060936667665061327556850518814234195104054482540856765258851855858590651707938907019
6584208638012431962769864845935249042575015105851544443130170041766567612163646516289495143859625803
1247695502141309273236777060001265473677111873589320334419007857838045221544849429941573817268649577
9637431798912456959560171892110596416375162787222173107325905707167111474846808912250757310826295794
7467318792776413329324126543145101325421150794742401365275910113372357193932014729097560576009796970
5891251320185052424350490219991905017880221981840264974657869151012207875077882254730242147846889574
2290303658405339656593086263802559044380367641918205275576324752359378791111180545891910207310308939
6698803580832272305421557256437585106474206596838008830418989029710524037994857577266645231673510146
6361596753600172874197935165121547703522965517240892678709346981574663713375822724786460027081999483
9397353009660631737092674080564740458443333872874775878744979948321472565761066633368958529649721016
7818951260851947688849515831641598466707355270906108846342509978285495939770115709354671057029584411
5519505222236909880011442585502733425389204452488690807015711138381480840074340130463176615476734709
3823999264825441914371202148737323472147343199111924073709341525268316773102864429344618301358241828
8512964757209870743934472061672081647165005618387786132070667312550890485505403716544778872192898136
9703750102743574270813533750893767821436780819639078529583196262459720435155199647027796135883497128
2254104483978647176935604527930184107183015532008874768777767903650022113150349997950457580013961895
3991070532853066560299227796553133876492788471387931546473614682116573648894401928950676697741655042
6631604320490938444237714875647841400782122308262531990647187264422688639146211317057289344259223953
2496388658452012676779417285961716207866386045189195715483998440750643411287648700768520154563838347
4365134030372400663301518149134174638959201138045043800404284330813643848642446512698685902193797912
6791972895295395395214498107144425651982782163654550119154215762586528957302159003023749175800180536
5157099210652448959065790058757062574437918651942148852087790399942536370674123946556027525003710596
8752819708824658441551336227303560387773930367130490497737191158528370720480058629520189288387537450
6968441225303463854633248539575385388511169729670929997048791183871328543303281078276939374672873475
3827459490273175024439446449019715850123145714973639918387054171589901282921920798145994907053269427
5286603818617396937996420009899103467474958498036633243200853183286600971353965870623674945011038720
2365795237995908047660063032068784800964901868840638492576606940034238140167308991736586257530716410
8436611631473329853165994179817416444363452693280842620973644852942348071507453823605128135637020555
7298537804473520654085821963484446213447093493478105436390068371505767925883351873517238268285535258
1536411401736629134567523389964396949474592959091471075373086894995662261987690341142714415149243672
0273660042129162462618561269183366099136733513393365495586766817163281584287181607854409913545925398
1792139261130052057679273911020068865592888176034404772670409620548469870812571242224766785903597368
3758017407050936572439945812802879403918629034740369030475202722979746289363888531440788487528699112
5016549950206838885014126376170355076895908609742335343254069669270980962298196056236664140048590719
2259570580297159789983018699762191288261917134227355803146407182277730848943505098284684041046525667
9588119287723848110521012373412310337019443751491899147931810921910863968663523347484497692313956355
6760290821446613976684105148106032645915277043748638900527244170712375530724321043053173204906845644
9825816806929054541919639401470321710848514620892330591633550185766036860943234581259615801049107411
1516446717511017083832021645839863395585244870308038315995466537634214870596294554432242277633505484
9216049511247525301949148424727333495398105124673856306055989484722010000456122828303266366349060702
4016762521772414059741405138019007589458785491351732514198581173710128958313941112314580263851166875
8563012004834395188688725557802189196711274109170484486545581337966801891244210491774850667491638600
7454419893056235263485874456826943366636907006478674412928806733050319628424979061808668300892542658
3395932006123930513722216691405542976461576026663694155384806250863078586676024022532674700237232099
7900226385232140399805020788126356466713289780300009081997770044852838554646855573928542989460972632
7879602902996182022698651329191264398277432510075165531753741609501575756588933711132248697407484938
0906325640899329823738483073861429628431453876727125004662470132712133930125059635927596905880616217
9497524578254407343363067400275293070855154973997784322313174341537220790918330091968356005658040176
2735668946643839732585236528752687798106774578331742686146018156581843517658556355326396877288256544
8961613374975233510610270510643855817864951332096384347681579804133304412738579769371697995736436783
8012609652363161218196582369388487729630926629667403833381703685041601786905388081811502079658294540
4397073460509266520328218030699873710874083239201888536617551081326390616217100511820221976954645021
8933629837449315986873995014879164622028047281551856288025869366226377962913079159223152980479974082
1888681348168207410285074029469308103152258463188497619820379900666007420789854637607891061798243220
8107240487057663915517859738789574107833797032501184342714090311891286172823268364850034558928639017
5032466675195084882765161130942389193657015081427997289345223523148674977428470938294436264427377992
2638742829070147320459975212040390600229706348679365620503718361471300709023565515513166670002124658
9003531702295956472497203760853694946221386643849964357260943685620117216224909818237797081540616232
4050253705846134150989653354393374265505371966391919009566402477187481459454261412338219115016224152
5666574718306028490817625078898942867727403195630481023384264993399349882916508995819778167035683045
0545641232980535056246382085890872971368028081471455463611938288865871676635003987358271885892411779
1327355333060161513935413057383024626266388104235168826332573188570849559945315731231480139024165079
4901039973987385151874305432494220937618870769596365347669766577661904681835085325836901939447494504
8914305699615689838863655144024151849091241918770315600944138469774806059324416382793836196222648433
4594535539173840754798551270516667050496731065869507321920919270878338465956919689177567361370314710
2800304738260436728267894131942360742926018140699202576259282838324067850754947032283378160446896088
1625856239320410089594088918097076010710938032621342101761047680506407766949664892257349932769072418
0178120388273960987627968879558583043095376705550199191021286378462589686405293702483227357466451253
2473760112162554902473526567474356174194063466349475433400021586605814925968213131055499528105168005
7768130428411678575304417447670686902199435364004858956558192413775934742577460772491714831942142268
7770421201675030116537294507236323292313150944942750893948610209118785264533823896568610555711575854
1929445362663307149671006113606247389951945814594060708208948727444665247299351570314921754644685678
7088158276127109737262422043462865773513006508455009238858676168320077326588696096045249068702702283
0049586277869226263630175237158843534292291003883133850812783183100571495765339152432314167957221029
1385655738298993021952908257725261837439641737902286111925016540821448918303461726599910513814081412
5710596017733698608484292597578318185929982250266556574489699935040085875505340964377566335795507186
2663255836966922465364032900847592329183798408398517577465125941098264076255091992180073626578203277
0868161385370282946674017046499127710289836433816239906661290999002548456255984664693696826970490394
3389651462222969493951166043404315465434112656577975936790211155590891100594770796395124766046210637
3039251507912255600650920348835192689776594379488819932909742973567973593682776666511083338402742981
0588378118781505597995681344856011067543991536556803901810790111436157176065993530691131382217695838
4826340584997871126108214981452821931165521523147767429168035272364369372356326770904642760598134628
9180013778059340540079409045640365842128981588669726980929890449590897770770717662756557321818635408
9205404481979623582939469731451694363342223828434956710767594970445460606438001274282059002832774407
0083956032891056940990442444928301277082552187852263202424562054764571744725437910715596479266412622
5184844373849325631505412119004097493480791410583383081107888281419099235779383229680188384017779292
6179213709223729832825032987910170219217847154403017890871485078245363355576752072989350233484094687
9160720688757216347359623363409551458842619377667710379003010369779848834085765148583149897681033824
7798891274171430792711417218119018685594870181189724154993802014008520621181498724733019671519274815
6073944711449309109739538718746772343208376737861737479969261081821605928199302850282435652704340191
4359976493982543483563136197737883457449847619606727627919797018548251338707599276203128471942651873
6333645560539947459083154992047508021177432253410186114503046573992891136350397906727213151063042796
6035055080785030298482079568619761687073263096439276279320824786299589303890433006959538522457624266
8819884450096855210344394538882543458195208625462480484932309465517489656322586349265623122884814599
9054507558064876783575233406881642671081875445728176973719623510405841272435458186174137551447332986
1980056311481792547292865900936548098677067261352183682690856824158490109270740178862717910942819677
6800932112215897910228822256404365017453521402510375346965085726657060761276793218749688803240909524
2429364768509011462430863422253155131799344313616840024345057582809274140558256227759257581371536142
3328995179510529680719881918978848034135406268179844764923953705470988502196848822766413674094725408
7159423181670009255299170881673867252615831825139900040471941903920363057610269783497331401244800280
3604296275826739467016237569391742822931453251705873513636865215811264417093048041562413771425101516
3072715867114021763331632444494462413668351421729991671981491954450767857717461058300998997552405141
7907413048359074832892572616983622921913505911554367479472976475752895473230154775309136059836448814
4583854075666742799233901477793810708349408436623037613251688464857600837871310874599660539329826527
3998522301649431622016937827716534697512745622451183068849299235607928842119749428680010054260319394
5751237024446281214801620134263047307445626715954929386705376765903805677994908842697625403472807725
4088135636860477186686146460626899902745613278153691400038339669537740544826562443805626535786384898
5724857014259174323869863475450052888124813641815363382483642783987264960166921237242379435485458288
9672821304689208806500758134630730920988163313625150653445584928005734243703524346209572948258956005
3307406095527385109856353586250293946996179453801457868107800325660554532815889874967288747905456479
1040630789634464083922119919190687099166503664271935214355981088742438053616308292734851181402558260
6415200735346236258545669558248325325852893558224791229301403025907548869205796614562250227570741157
9967571940743724826280576348051831482225559303226913313273222907950041784172300547498749060305878597
2913916062489723633552909484508363662551261573084036610540754542357859981433212848400303235636740355
8218413579396972013276218424216834123739201303281415350889192923124903181457855598714841226100446768
0021274080915281269245527358835933371407227532308886439039983468705220620776921285207515612726428375
4262379136516229462344274095968259855810437541741157042641210046412719926792654130338936410016243868
8562655767164818229794450137398386493405750234119747854119976378943663818584362157069120408614996337
3213056836154420869373597108314030426861451170412906079361626709359071741472975878756611036628962564
1315107733839985107742346870889925405368018103120098574099806944420740713687890460255216554891449641
0388153894643935922998894431250613436080526274586380806186966088387487025452560838573740164975005627
6841658403694887805329366370830594546417565156055684539618472323821222897413937507741026226089596583
5498044692334055116187623926920591585289402786311139784654792657177475796012267774311474756374280625
3763197662672368168552216272452775901461690693024742164194723771789285291907151147333422960468353289
8578628709926886572101867418845888405030606641737680827364610079316942421258233285125320063076534522
3129714711906553861059320963675204429271485017443913199458681345567991018972475059207993520535176874
6308886212245264939723033490893841052602368835691574663126969233200105299646993445696514509227474259
5090221896958122113128807070503152302237929958117399858228931530449344428061096653254595757996596012
8681782036130965035577265247123409398505034912120119156612831100077726675031780594774998193031827053
3533283462445915862217954393457419484483294123541078882489697029417122702965483952971692095312283913
3725722885792046979734701368899651860091368672457694068705142153704665956590116443066776198119837317
1980386907566794237786499830317179532414145656398044153492001322003889598853873348593656113814217574
7359412414030084594816565732632140204552645787717526178390294574191646314152256142020370093332368047
6307717876485388538676825388861848354773776158304137581932840046496698754994538681513128446619105733
6755938606311222750448063659647384806952831988937954719850320763121382172792806859569085512258956519
4963699771732387240721301952694721410601468565189672081062004161945735040392731981653050704045820546
8686881230845683976768482406242102360072859068637840237080897680414672874457279137290351731285361826
7307471323097234572919843630546621697834699650678106772727169892295498695449976434200489519621173305
8340622725654642493156449281731798850094114151577421364125904367884490119229238410851515013168004528
1832808388783271580422344334093295411984846535779091842904018189972599953261108377814593515723506074
5280683792580183316706363244496509287959402849338464000554599173561121163357849790869499459563695817
4160481223848225201421836403526959519986927265219750959159981669912957798860155245077260080311173025
7689434740396645678128683234080110444791146574502596759538726267567009665497064869837428440984372682
4057957052949602825560251756304422421889658586460335097649227526621236526889774223998182708452890603
6055838664660507898550326315087810136593953284834921871057932632470497957088540495646409305790257255
0952611083546856831967686482879514544641366849189646088116922576717467199925666186734857012684711404
6191222220649333956049786017446117439511134559535563286101569772639587399291873286747865481368114496
8728294995946472391899251680473347401191895819443148572590806189750932564576334215053735356204722443
5251469859024539544189504439300849183351131681465155500713348848128795541773814600838142333161455411
5903793826698217115583606820695272148150904967282432515827866432145656208557930633911488937461483860
7986999072501869110534693400999051944550861226663142350866125126567450249759875695039861043262840774
8730127550466119774356165205370842865986184667867735553498989258556008873856154427543324162434290854
2213856218251039182099624114965211185031003938012188044980943358981005511746511278186340615089213457
9707109422889163066119765150317629780408340750338795873877982323172805487432370900893313444862443842
6846944206222892217386031225046088111368006652541888421175452254177582653499369929651138600800741027
3406202304879866450869492027379312166659948219306108703137091269523997371325403853099758149131549954
2399013986155807212339460297545976031648337700758777182582873469308015541184516539258076940812277840
3721414643069282531176939619244341314801506617973949652070744757191107303628412599066986095533824720
2059293649498778039452292688705012453511469406260533041788524355210470345751136677346177545006619638
1824192120880839738070250612067138622859651480497619209636443305789451502654245338951970697670366744
8822190555676718700117911969937613026278777664685898739837320198293385475856981545160467595781051059
7808659263106848717422563660739703711333155718971221747115757094647368811679012861256309813156527602
2853150136056248171470275652343642462582722191299380814727796341197652125954407674955439531242078793
2593342283316285195016299514530112793605661009694234819494848120085316782419587272850426169597578713
9138381196337942262409721361037579858134724929837334176254352928714337069763447227929410157838534753
5334365270840789435894452077228989887267474274048484833902316544970113500972224879513326873158040077
7616995446938112267988973386493287027448125279191613549280379125833943633785510826843274216751522821
1922133645205047014417365248533736730527759933044663317462286936624548201278559668133444272987244287
2509999788381593589506975926674227775445278522319822539542012660532441392178465659235059135256450497
4300115154753203724700562601048897858864627332306107639009429847348705213685734646779666270739036757
2647987063667170828177785691823455816326268890298043017328374408467096000954688605018776761073634904
7530217689421573615269733554922945205042325195964221600571235190988373711065064046257191776326136364
4073123974043524360604898099425172889556529695558739041335141026988248048451686410941948124137851414
8562105224268498512334919327328859670275300090560574027714774635632384263474911585633912821937496983
1720244455600683481974945395493040494870914251376979081592478219313427143642284808919394975129663573
1423357305077059680607286683946238768086916583204287837660863511834993728933593808937204730088504695
9662028559146491609504952610846804734251117373463490899859117772315168708739391775556176879209362118
3965646593360374149098352478405982208290437918290864605031122655522152513135371859019792907652752329
6879814974636095717173139423128292926745910753622348037564706386621357860725673799893777383372393100
1112896591239767861852916391218113801093876055874173077037768423744807420159334142504237850344049989
5803237612167735117594720252944544593640142082568452893043325294465962484523847841268296429079419783
1339041628289280961253295881492994833187677795657247184627306823031754751592427656240090519326492351
4111538556592034976534627701404686132850373942620785383655182251275591508165671308462496921403674677
2643142235967564084625229976834126019886856977466497407009135579017361847717113515803196574522128877
8483338621173773028791022498552695770080528271231903603215854033182673677732390815788923291201535547
8636324477953606807454101048015492746318149553044141560230012308619718514344107670583318135773766273
1375462170757023514979393916958349571855828042260139892613608191618695596044464295730994527692431036
4925382102688860755193232624742167899507748620875816486118194585172223522356546049903369154893081468
0849182022734998804230094237344420434426949342678998158547239014454615478058874397448976568664670870
1366677641122295614537270019912626717583933635469727295422229591828684641315664885151983437493514675
4481915258661178319472647102971415994832283713206319621947821269223645603105450532514841665948015197
2962509635511444354013904683978551023733342132211185212081711978435878910593484555450372635086882671
3194976307378030834203522069892176001411406959737277323021482113532247035320395752564977066987756594
1375280100373163475862528264915280311167525218394152080634184302889791962473579970683141581471367167
3663988238590337945143735371118203685702428345806840920349214862248114436753278253504428722155800878
1440079001228403289343090101987920406310192678477032653578384681152905179415640747718745689034046643
2830589923960026722742149184270686318060077977380394275787685722401626576051886422849376510886640359
2044106038607524779172901514667042453582209305444526486891257843089117595932677857729400898303292012
9269481121039159417331633959656285876904028200058756493457120365834654640590107709565534649796405879
7249584413213202466300584026658522430836645691796402536511023785188368038263793065285747473834067395
4165288631251443312090517304451727889200259661449456227507270717690795077161883472449496997062581340
5227455313726208731270971846417819605053743892395694426908844861573014039429185464830451846032012594
4437200877090952384451980339029248077677303351618474563787853633449012806063571691919714073305893533
6186789433382769233200318372500145183520896799909400606045801888681261818235150899652088311219097746
8160075520710240308276922251788122938834046290941947882149329659457423326793869439365857659171763252
1049235386262891417365005921683706006284478099570816690996105865157573451865316909883613381642675289
6276448286155313187434598721614603631374429760389948989649756304329556639393782147791881484256331560
64943513557006413191010833856272339131999107769951621083465515007
