5127402762693207238127857636203402218800465862270699268312403841858231274305620361077749499092908732
1255570932004515961858054915337915698134599340043014034209638765030513959311020153149235398042745823
9674399280795047471922595649354975511373108425586819779691843458193759823771944969383075829555852798
8434483984402926845375042397676916772484150646410917772519028191260065794740179769324698367726983862
1511897039598424889000612720760244591123408781095464573464915541439258426851459490230675515467717759
5479326043275294548180609880292900090742744504295665244001768682173964234228393783404284429130909934
7969102747457019190141964862487369125287232304120180671718300574342513576699411857774313395067287653
0748505883249371034082824131952564383837872072789637642175859892976521303760430037437537388557450909
9246481454599605064319358131340473550548458943072309379882335985627252266833638525995267775655285655
1289009892928585351817997597030498514888896397853351107117298797441034194477559304372109097290724770
9475304159516529712389023178159170386806037676796210509511437806659337836920449665650735287852670308
9545090220941654908751575549709553931290430952265766257337991023733366784907984922042384076288497373
9500200127298974934830066840393158838988914961956695510930546945980827951096112962664643335992487280
5601349008866797641811905845275355963099931033440292824253646399531566635446821074548049312562389555
3311349601881685418219554333053108090632344507831625096734893963851836439776915425665985617348000388
3657206670525805339385205102031809817585314840602972682019418846238655285164004752145812574629347496
1471878602558363995477125722717636522259007245477824846352895474264518057593855992669738897957342322
9047922033211589160976815628834245793590912091400732390919643838179432645676829349050764518804913985
6490695855921347239667106058599730403070475897761777384876428450587345819993007719724539699098055541
6797298736555045767090099056032590309206279589930422663974240515977833600503348969227271412714786990
4508215222802717638724225892679553679746808513452862510697609534519157791347637102841064674203767405
1628455878000216377265397452084015240867090868867221753597264076182115949014522094557935332115678514
0998179703290916885262347193854665594946533735378990033231661071494788771170063927429323145592900848
3577709466760602978045893403638697603927478126855584499551261496443993292494031284833364584488779751
6295800024064774185402159078978805168601770447303316431713617130234794350541866792806893003400689202
9631764702633520230620897308765270432304630148791445219526612177036777994411876576629733847379664025
8103874796104599569569105234854376664049937226144544259716060625905396606873251115100517429793107247
6442070654725728997312468606997496262806957417754746116751611888607847520118238695988605632005765040
1164524830037382221088831826454009277483759918513164800413781397975014302259109177782837390886103314
8152700715517181053385635004661051904375976373528760831772075829204364783609033658069016057030546867
3327908088769346820644202222370805567789924652533710283013623161521566452434952081959455776793645596
4334491912418757798045688881341303840527370385814820232459577271027742697902684836233978498773076655
6636007764242468643152136233153553862523614720701047772645271460857663921692951366840845262560770635
3883532950870370035801874995812813451432008448947266393601762979801361580687909591815579389477766834
7532519402875578010665517226779799631484124669369422808732775957196907713252148567888114240357934339
6339899333103111944138388295538939015165747639719383631447125840940466784960470829082327604421196811
0911567811341262080360778790865947551395744817070583824061150098445032835197917407298691261013378898
6535793215220786403680480709845010867943950423307823903967518454715250309200574161685782364204866224
2637876758688388389348943381301135345557310122112838440654574139403358109443763176941213029466172410
6175181125398050027695112993430023630323675490992939496504744805578635472179788333768200664819607284
3409173227555318697092300208281925385630167223639535687150310248073269981421814731357981166191253086
7291253025668319905148059685561912264425168681223252113340261966922258566846590691113683257251456200
9274392880973584373798361547406479432084329403349301000394827230213855184882751071528067261670154680
0720537888152827474105747374537036375636305704351176281959785738594417390213146396091945706174683809
6431298489805101580853124952017398145187916499941474367574980423477472961172341905264939370358790824
8649035483760388377673954593219972520460512648135037493641716623026507566948568177612501099277675842
0197733330908949238291001100763098679691510810525889826079518654712133131832450605970022726931102457
8596552757201621758818218061154240758756781573115426593383250723188409957759149014505857436343085513
2369561744047149760935326046633080596172554087268798000846691309970043155701905733040446549921630716
5577148578514352957382447397111792222592272487951004881265947392218356037496003149346333440763530282
8757858602459883912682206971310175059847467081275869329265916182802616695034674881514346333470454217
6784521435388672817578619278494672228806465126368945625182069538753150748681827976974516834491919682
4474995954793764738300539314310147251955303450103742652993324891041324102719777801021764408346254460
1286666534719448501449819221390671246157155846185621554409424331577855251200214095067082524142648559
9659881554353612591403867412422460776539555531219070870630305526323467724773070119652811134935638289
7462927982293788568883631349409267081148806195991163945788190440205324689815218191760252070147491618
3828832314949025852387517524828015169975022146702440791172997049722173410904385851196554901887794319
8319459589401737280330407518862630051588881613569562108842459004760199605403801598397565491823651148
3269014005206610661942410359825183450690967936189812824575584274974829570086750107201837744374357850
1757570049273662620461241920670650771096163564217020527455047359751183667592542038136830901570993893
5891601621321760036916411311681516123297874975915480198703078663419458804402864305516787820345985693
4289272059416040621749615453716792123088345528261217159323925401073795771543618268184911375295267380
4938390357565185510364232641363012113915548416488824337750016340723304562246697680012427194495031928
5079471209642615721698927302762004348567984609484332582529312222882172855754718970819602949196772520
2144630945959003546499554097891753177921732699678900291422712054944493452178736712822956125877293051
0399997992974348157936907062251582711022704331161862793704748923701508273401646614312308874237478017
8674664214517749524379311269583238249276515231135759218285766054677815440082858362452031356522322619
4649719087517413999205174853559311542767604530826514399383245576596787598613254998041907226149436944
0718600700155384567612168190071855150015938591639484710520905063576672822902671715968653660591184364
9165365766883524827564881177864241764581029132488129076507527512109503449158438453841719282138558162
5212993279138627815619565457912467530341278619419341672498869265954453274501313225177137701794904443
0991794917425763599027261893744959578381869309546641762568516106443532699939110601589951123503720733
8465950393219711649816456256986656953206680202126257859098323891799580888242623952863477848461113235
2889216594453194447465393721747142665519260110867849630867278866000491415661779608513885427911841570
2743663476581025824516788205758462582694622059841509803100672873105703648279178267666874449863669029
4917146323352239119119476127803088758287801924080759106903028128733032620998436991415227372083907001
1403866251447764733346165374978116273513171617667541527556291835789659140576127788986163332536800769
8972313296309626784361966584073810089181850449761308748056368969669632533883625775284876905955689515
5023387467272471217438559297270422443240859193295885964922612907992528516329523860022414077126468190
3501156757042629967129245557385060870656545383341870942651975912372638398771250453163526832840568780
3145895184936271305086441633489719931521113185740898006988868166077768153814646485367230731815746733
5972918696262359877612191264299497306856928716507175880622392842467165074998385165181483505794499544
8139063473432049429242891372561845148800182730664327262775771802607468007792699388819103073238206039
2938047952942187601504947669132098669969594211589756848320824479197951990124037500059119501676501712
6144548505799030998701713970033915814767773118132358804291265033958409755369127853957231962590141743
4615695367797496342356397983536195724502588477594596948469059944775251563392732469133467599567449901
1149633498180590523080204100471592742734464793692775587649329012416707816450534556476634855812946260
9116510782224937228880155892729769415562471445769931140855391511378624368263540127686675911547708352
1098181756440390113697495658583728123006898540482470488051690515273180822764795967628875557750882565
7011817970533103176174733496961595037736679831106106901561131879211865148063226939479627499260144552
9601919756015744946861111012022886714161161147773931868702869884490852860743828823027319235368138865
9923432662887902463720103128739174337189979575130439061636043614650606343864747485375824007305301597
2294093982604819160542927012433698127577033813897357761659397162183358236031798014429866553311595714
1788600721470250658181066937770192408683344698511389924513540955385986068357670703852792679139167249
3045836807966434163586004405200722808630380815921545442707470377154988511684756075606111389639668889
8365628444917123332663121637740066080612054038644424463832305737617160163797189964965972109399936839
0685082260546366837300067443401507588760007711224203876302325977304818038603718630000255840302557459
4951790755493635828403549877906433285027143681044352590860327846332199819507142883652757951693444424
1798695357144508466725764577990342068695003523637363599779724178443364175239391413734195339275977143
5249910732345729142592917959066205535292598448687723249119889046284453689168476265364011033941647276
9719208393645925801343738884215033907065411318543364588687155734631684689467081157459482728130552990
2659267559273143968012115395733700800764796835899807482538488574867195901998349473804977980737797705
1152964806091449794192972501083985674996443156468519126946644957077909219434127902644367394435341912
8287196687522551669858525535073680744811994190676237673695912128734735942022320441561743314730809679
4159480647255370755501233111374521270958976395536191912288201130468667691065545737986899997158919121
6488216541751852793814911404750535949300187484925837437651804785616959019881309984056548806270456116
4533704052194353725475959426013651464415805380578554316201254474861247800998942306524482793967825652
3873930170712185093098380007962867835129930178770445661154153732134394753710610135119319593634360293
0122992360748087753981993233084344411733223639183219773778074034559366785608989524181683442408953819
3245209069406373868584031980207016628896810768749753087190041491661092237193685256195295102611108075
1630729719017584596211055563005298530265146251165672984922350414865049070685671163507488833570158947
8377973269819398739998660727569675811617042408102778253624533207908630722333533136304860833953319141
1875210240465337859927137757246852024012710737080885567141218001832453522922416597383926643074955459
9777299542165804128832120009355237582414171773188434363699760171744001720137742920913021421726918159
1888763203788884971870727424396746714711131361876200606993333760112725521182626737279646463631025145
5462551894650914423579764938370023619569192558344522427033056967684561873044487900076176138445788496
6361687147513185020459057709102733597769687526384489699734094220828117144008494298747005107082056969
7809935528409206580581607716209090646554078181617114977629081540094839829501444013894578773866686079
5973833701929853367617296087338786312385936353684174173748812635535688893053078881895724885253371417
6218671951557446122683867714710808349166041382705275505058610608911693816006947766772315519937392530
2340373549874172842390854711784841049290196888419132584703452626866057692381247929148657227857819802
3195387306336074545356852887054429806447718465846745109011244207069040892763431029167399501328883302
0949122073388950420566883052391942097661549074759415032756103211097792358555794729734533077327753118
4439891775723764406464342485914416226166364694249554479287406623303522282581319216588937074375846411
9669055138600371533233227689294840500855249144840996630723961444662785343498461225248399449316076236
0792890886791993101189383800036503667458550515779729341652763975841513126387402687822183767421782359
7295757639756335103814510257672715794434384633052687849789385892570677414345734175030422842519440702
5057603077421904222756273472385434609002168796369969895564283601181119980854311237744528541943950284
4534859478900701576439260815441217338656167141707742539283727463089645481718774828504838957431073008
9929036737448134777095875585574516422081878258837443867710221930271840446455849884515717983251647725
8769696369127348504434351643460550339175168796318812710656209612647414048220950263626673326821858753
6459812521361676495367610112768116428806213342030958578999521918624147079742339163421370183010868223
7186526491146808990228632983011212126242739170016294559949113413729541382740831559822863555356273751
0980386336800131286608718538201893423660245532483144511606778182030273345492912352165668475937354071
4168188807549663417111754107526439066615417191518376810230956808571546603156176055919316918384777068
0748160024719617594042164298308850480956705556130577080764636389115122851488596840790111460370614861
1064918567316879571730566371213079231373948127144679706567853031994803691062906850759644529232383173
5579193299321216948006172597807023611533524026426661944260834876172913996622819794762141245812181826
1366535187484801871758603078959673472550852239251049417056007219534821681352241405278386673200132642
7699546048247533755253321710118272290274852914047805786052040917105424697765156195004789497818260133
7184211688190895439188097780826689827143717122279940541122021512400619398113446542438638851447913957
7993094752553950490748505910554576569031891925771090501147497594818927053935402002458054741587143409
2607269659604976422179186897144501840250858943955640676919972097737987358341305472708801772851212161
3184131409497141079131573036876653954929786701814588908647247041884380206591015943647829620894412002
4165178018299849011692869626363429989884067672619117200954976010545718563777178411908517397923976244
9231441004032195994377041174404637341092810984489124753407203407650849319511469718561317340356857531
1210698320264880074682133864229859735157316834194433204936721095757679729223025042278825229759313053
5812079513511857793706745510711688963473953815018563233128202280984168557302045451514098025859347390
4390760589183758929507033526872366432450812824709385639037880517532202146210177611545342194779432827
7170816438336394215044581446081527301885922404943477846383556452561473137915693526453405239910738974
8317220917723962187042585637902676099779681343315586041988654576797590005713777635747705766048956047
1678642102443656111225298301872772580681038249136663859011989166111736622516459598049952190508452280
7155267307843953749065075568497283304567619367255821006677447613185189139364819050113977653153681051
5005442074916415468874055835769896673562682217599658026991924624441652350908785301948627693734467992
7781378878444182596281992438147207992683057739866885806783787883968405066371257234428345628089139214
6883467219455058148047086697680276967091783389142066635598954929327444592228298096675794614345399624
5344251567096725883299323244172602737239870789343028278268708575986883090609998824653415906820291573
3889537543757590879226879486066077555818538295853117025358209878489007596397724760785142127081177809
0864074439705758090768398954162056219655187590236871745313378232959671377921137155641241661055565078
5062634085118672208488655147743406157729923150158390249202696746329681647740899734646173725445978270
4034301771196972660245400749861114565982385721704959740768899438096239711129604935133443902021816479
9629898531708656468757988277178545294817032337846855545497322950030142982702697866801478630997056002
5780805972658866028473107898264331484367737684871316172119935309665901532295565911998796748977682150
9229658233781005672232891187857650418158582351283428247304510053700408215531346102591430344665313704
7922907578919722511469971039973536989080381648464109530020905393718025144451046608502647392841334914
0845751190224484462062291833120232242119827413671527908234705284888232043409394504783728124551995427
4113822523983446384041613879022901796401952594938204274399304369492329279134128960775302298850377452
9452147635803833418260412699865861441599279722439065153198269472130291184175438065212129004198118219
0641805621797038759903157777354250158550478140622451354393422822228576476061565487646550051732231043
6012173179764671813573122275409683931875614512530547894317441097343884470743779976283914425897124728
4228249659985555959405313145571678439188995823592455212430052389860796931774554563116043135376641716
4227418766893320532256866734917630326252918291838905455016191584020146682530755163011902032819311309
9600958042468735104245842640963946993066700880132990765485387999730321459991368407827370116476572008
8829279258327539364450775679446551099853832070278795086574570443555758173218006635867658733600108830
8072635841068793487992957731712602027373353956185468182032224148187974219776973615768075194975248907
2152603421476126997396403939354361905569691208781583572078951008536139871101336844598994864356235037
4538779986629921110249802863914824643222599264740579333508242370925686187694161077531767513360115084
6659691926749923242738391469711159116336381915434424593014185114830017352541943311618935141791223901
4222594278388159075394324776146923810229442873064811767146205590099878302212599306247116728480032548
5988871075840607996271917859772838582928732845010535894245447132649685817150876095903721363373192620
0466920495722994212284028000190751610599489876728366432841413993713650041386286765432469503718837950
9515716188826357700071551603134248499522869629523029046130855076816992821393594447059429955930197943
0957550896079514733706135905056554186510179307303814487401276589597400408167057188009726708649006693
2356937441408800921761738915793270737169601644359173050007391399659705319944823320155135839490332700
2215477107385760217257001315970072111179155491734350843660299391877231409563983800804277988987973529
4638643078720402799474439740281160477545111861147491026971305190808416766977594498601182268021829195
1261995876080342404819648137906879686707610972347150947814892260373597006195059478367088616245054986
5449690602835626918367979993318425012334302920581585668393525748145186241038687138104397501154674932
3022861212857579630785694698782251033829927177542211247145941649634082438009140657234735812767088362
6316161870987168837437685071525250057715566983806993021021849909356128273394072107305646500011543871
5153885891851882741604229523037937321834819701541089975992877602434594654919062272048936574371310357
3414949514522121632867757513219433344650634566717663121559762097483469563704174320515554873358810079
3788247206562741596735771079053326488979348054445699333806531340854298532422890121033686305427486377
2484249689958831233095831504476128256419365141364889087786627666658241626142851038517727576961176399
4450184705073991619021432862184019023824604950871685367237572275753976818485156558034910588192802322
1584608563306808385742748297643746416576917013326835257160065833397054130274017870411302466098844864
0938356452525850268071534559395000563767978622318356124187918832573368826765443769916988921300542807
4774276405261352572717159225611427721695041623008274261371266634059784045313953636814968985091083006
9213431355758086557065006361770564081111164406953318424427410344140141460372152570305387961548218181
0716523651920243891785442833372906440901102837171898091413060596912543289928648016601807501170659057
2319983952771519324084697782354400007535136844991145736948636580658504142180966230772733335294327012
7454014650325140746827456414064952153607161802846013128422257793801728856210698051081608034556943203
0478810691090531663848297405834549653390807598551706853468564804589870885974716362718040610656789219
8659554841399165198394647932635855130799484626111605690620707692178983379364108576993806699209713866
0245522369376362224530810707486604715910514835913440555702891614082341854686142785069296533109321661
2255837243678221161673558829814123803582322033440011981786749601932271947558577981046062639835901331
0234732001599372930816991883102166917747401721092254980928689916771899019702876435513070916879529280
7275154892799928244718867246314359846113067759657209021825749265213618474869485027239088496489779227
9670475512067574234738837083987953226898886475000080700757733970181232049762576297454381331404351898
6399523890034816501021945740611169359387716031434034250329195031480395338390093376680511712387084956
3197973607706904863219606125289675353238108885970756071955719063645320389823277627450941118299149736
1380577894388016158738132195802940616437542057013742284224934367240196023759865408460296268076016506
9701473207528150273374949282918912658099195096892082944642977655493821643544366744612230357238083400
8875806340387258562089875690132134331844910322908793759539285036832837329602020159758375540313165102
6217928571848620985662696226482359744943888999551327155065480504065145638609483867306606737329171954
4412294693866612645198144267650946860003533583010685461593420638125896432654663299267043883669231164
5980886579939856286384418158270062548942913120553573604058011673221575559744067473786602038850956613
0232135080107121575773609489730186046884506189916632394378179652949940486080426942409871490068346009
7187672764286321769301415167554480925810436552545376357009454991004152504438193099885100434727142692
2795095018746532529426694858747324226586896367368454510276829527700894763084602086670507305016587563
2106471566836422167637497252148556169262177553547297226289212112273564886924471471141186833381229053
2724200773794788630796892218831092610007355338936288721113694098514890717563964853526860190690443644
0829058007283841598871951769800017561623140578817319387968271309600971313614204008888997905484661557
9683887741623373591208906825825511968820826096826495608620417436763471624808196276161487376593969280
5453980057079532436037312669705907984768196370914017939971509394198129732054418170200060465683176809
4383342026265342355112248052813792877679448920633195607207963302654961442325652308384793884759082143
2511676532016462466436371438623128284006666819792138480059652925899067930987838835511130588423011405
8595800232020421792277839189120708062623396210689394635858516811767531728938093412634950461530845247
5980002444815584766117088314522552264788917355046642446034005982911164852865260130758721567195663065
0618928619988402804520359675383285145471984626426471074641854699817039407732785552909660313049453201
1649016618852674122175581970081566833135764635865334239137556752595565967631971796368733564129062010
4348571872207365407845623105045972052990918978887058535838041196115104315915915195706888527789998582
8716007907426616563980567124096241690479605069886533843309244777551978565647965558006318248296847519
3720597548174420171521907295487640358045928854384083612109334603395047473960326889959146036035897855
5598527025766909458633822943206403572439684659265234327367979568792867116515445746634935861794700811
6933935392194272337752250020412037289540530663893355105244806435113563657797138612632810349832064927
6593984095638784638482860638240096198577265705752841963749453512450162949222065737418107154852875262
3113826029232854341389273772333319324917938530732756647048463899619461947350750615334425264414973770
7267456602967891575989908952182450789051442096081582940831530202698734782892433782700165063231893550
9935216572625512021096745809869228167668084566725940353997585766639258755658054063394364505274280296
4773043400364057874697235587183178682571096440248304986510725580349657520465293619901953866394544015
8858602830675671338778409812257862044033201963859038952779670948075535130057471331252960612021148111
8202180269270812314555156561403704848886390736815579136068622840691567391915212643125189172855060342
0418822621002802382001181068136211287973016133579100374511377754112183979439460117010625462731791365
7106087072333644095588782585595602719892747592456670189664447998439334118383592718962653248817051070
2267319310024675672950210737821967157339600671729032724896184413435899267794647140126041375148031038
1424925275214567958294630811315585631585510012730450881793826682820765394336932233653373828686133168
2147590084637870365149591981086009472798060343416107535076748026707257906417165374402518218731981692
8189608892652602874274994050564577077375336287395692981008273221835454420080545810203302104691428169
0642704923706092723028966609631506023252375439255456288252117541321471507562876105154285080355527148
2894521309555251581644240820281017906937967293018301438041486264608265614947180593310730431816932310
3361004485567433035580502605272505592087472714806033862306974129394329825699050322068677173836691280
6459427212127384664995994019293953930788786178545674814809294962848711978633164198912777299190547831
4689512765797040664089509154008248426978901756049920633379941074589201440805573049903792193919184865
9752999770793385054613818056838408020068455635699356023566881763858366602475938480269527705003632043
1673107398871251171577396682141242768269823140256115508880691498163457084801604098724265897940276501
2244361060299034023127081876760293230222398240250928176645869069264859808518568985181295814047089397
3517873263389473262461187907290697453980164930004495510750809818190004514914231135243979824427693154
4059064333985786237067602587927333115887774081435129867915326819023230458906075384635596318973567605
4631501900792738432896841188585560371125469727582393758138497391494214611184916879716536330519306693
6277100078398716605862315905242344184973206202398684439160071382034803559082019087066974958711800551
4010633050224555292880722764224389633339168109749548065272413153392133516012504126961520487664067372
5315327669144325021418964635953459915179322589058095920442629806761245177476808252187075952886246671
1450670501755325261395459442275006325866527239901078093058174273118023030345714613284615704917470933
8950532721507730383905854210117538711849328951748295866047496785983411644185352883548074539342728948
1536203214613286076657476780588130114337115822093689812307944342200742686076621171741683390179362786
9557056077220242082027093907915947462794035029691474124802827220157183469576295963277206742474569624
2592018843404897154782747460396763999200173057476972239971745935224807536090656350156484146190760102
3006699614657207762620967331264047942346295558406977560955320190760739845995697238662662169855192620
3985755053698168933777776313943449207373993321959493112387314535743628660556999702567793326674815517
7527498611247861224791236201541466423658853840170229304252551041261898915687504234943082125689802109
2980984223386374507073082462385475754089937059523453895116962815588295750985843349140612068711033006
2082474148299686381747152308844152845611808371807228497299258063380577958371889467534146182808344209
9384570882012994900700651994240722296022097485865075021157872052697914727351829909629830573732117236
3539340936009191992123630004542027476292262112625135481428963032200552861757963286403906950171002923
7975505363525157474286944963218833437770408906142462173294222811940876439545535169202118146269691286
1155028148673525261822956306039849479255751124086613447907279189108206447370905796098627213778607050
5712844165392102101364793238702875383594897675073044171893490501453606166471341577638762155692349701
9818744279642215227959155154500302547271898968102247283340938813111695257337614033147448580944665849
0429378562397613028703937942296701460133659138796188682641865294137760753206622874122366777428849338
2099151176597760034048894549914937721249769200744270611279208731565257974754313409179460472033826257
1713932335843783408305317861163869245989924784587070311084543064193096870765510753559999277032386831
3026620440463991542402854153124351608973909148655543318773765808990711489993823658747308292435497266
2191203205374907463232941392034011444209155275449611631842000116884619435989428095280104335183916824
9936261100907071907444454688495238670649516626542681007738411957214273701367018168822763165126884791
0110027594360263796302118678944440930868499771944818604720697414184352292875032316817359209496671786
8082978554071254470759031516382570699566302980862677517649554830383080441662757011700367357685725677
1920796477283422454504497235089464815588783844841933173119043435173363623417211694642313698899364841
7944578030831938948721343313037054126564900675363079731943532033245942181203960853408284809092630520
7407243216077758877130014230268517055004581693653696428451776244878692889520017649110050057375110514
3324193840466716921412275102232795124642298508179028432771605989190790951237965762279962681657402140
1348002754244981900237598506469991269354345293308346312779442404732961037135236870771883563613556254
2999053289104714595521983636366542350080668877053511195682268021908537590766665060796453850115731866
3303760694185415793926243780497088480268378419080836088647918634837938989215540061065996984457288887
2567174753444363634040846731032989752557217103548883830302135942112865570067881183348927808678548700
6010540867492522148837958639398992094727025338685448570147056748939328433714688847256288346637264286
5778953580978518459393086704983766756442777250508982774902970010709535410064641624992358856783029052
5927570180838506647803987770721553148449073730463152546276823936042880473369459153311368107791787656
5800396665664521862118984250115413576632769575809074643286673387296080429560618136505056229126054612
3962975625966244195191927923327467017121698452434460139693728916031899776327496230081996803350410739
6205800553462116146510176250416826699377058115710350859415885623245034611000287783849758178421476442
1158170609634156067225810892598313154312640498063463397439653291110932905136215607433542858616169159
7285629840058650813022928883884272395672715040460351991596733484201266331264641720958693120754414304
0017803650054775188772591843326008849159574965753461182557783116266448136033469890564045961721824740
3814185470027295883607281042450344006959764579244084000011582193545274645215272067641331960374414039
2127883262460146111226712530915993177623457297948211433898581956457442930538145329016798888575092048
4971056850434139692244745590821544515378070148835486352052114656125596770851717365127822318261668377
1804260307791711500839721181793801309944616358074636689563859290070881663293106843888142782259674785
4030653712380985950079639113021532796089089155816837166471354755835006455278979687456469514492057899
5493137502980473909467243887442611132247938853686048160727977690671132917286824877746713309966009823
8912461634248092238454248417639233555245211919282784296083702134079807296371771783696018521861398852
3521741205916602659619048603392587831777159347259065082230321341477287017770598450910222097334983400
1384426686135009682324917071975642465820709473526917956595982554553267108280096299628956996192108146
2727594005056469290007439220434903557789487262895612058399635808477364890908508877428284900750426615
6530518010416356497662876987355138538588494337999151959269096104718322549304211014386456078048977890
7145299804692105384034373548858828997143565504902290729247935832983124432348474935174954809372486748
0249912881493148869154391846784357168106210122239624654710622017356668036373398446181030729648138984
0297136805892149030943961246411915893516791929876115589901891099241290419876934481826283455581688281
5428623158360993283676237940137510498386097144443575894880325984989602490300949101722286684277176448
6552189628911014633814732699316881553277507714850189703335229972548965708829279436689298631408195411
1863459213704816180287135520098283504778066303812201606359304113208919712228322618312823825536950907
9847301190466459977277767468958394211977507761670595850176987682312331993944042601921304285845068244
4364745820898639742006398522565109857193517647678342422512783172157385815172933952901180784695038479
5223315305451829810919057452143788917191338113808383204732594782146120875625110482428854914853666325
4924807884600027250768514005435284372096831678814734633674405473643965922899495093564671966549590084
4915200394329279400908507246067221658544789059743760643410427403540954858335350704677278236973458459
8418251640367739473623073012019800642434079137471389797370531824570392164882284324655122250360257584
6803140959991599795013789395136968803402791902190836957722371516235298116828993351588249181636895617
2204164083290898871220966515283950770247495872100451404738230851953929198718588903086288624738565170
1171007710383162857186250184340585307805002200179841366054194090602281090861998196296922013181753853
8459364450349651870362815323380487973898860505277007077382111101654026745715544225102755466782354183
8231055703393347067016627440854872616999634349055176614382881856206421521556048919269689815947021799
0197113027766838397227932956569554555545989435108034157139515296868410413647899760140598071282910709
8261108846711871289678973244215239378360360028811120390740423415502625054676577416789626349787778079
2526598247404215762113858624624778280422920502039456987599397207885795492860462585643249600197635809
4974159955030699569456430423981547598656244069186337200822259149939420439029228818808513755864401144
6684322904395924941761938457580849532062256847940999756296742957456574275604145061028094367704701905
7397199042961039252679957643978346420659094503093209157677286944632178338093696791301039799178415329
2125615352752243073959398702298197134253333763587770983331730264996240021983390400985319470085890432
6776981262392457790375314420107703969973421417494974835547745568592013609976739162581150136125684678
6558510232147395051438437567709550359686839758030204352782246950793398236233928244598916788317694972
3771057204118204669747691004167909848008567446234294039130072814759713245226645606676163543063932150
3494491981573236310143698881878873442212652748447779883255777153233432496542717898806391507602669569
6875200542310630230830676110306479541130745443077779362005279744843743921408927574796842100109122114
7357583516814883030188169725452302914853610951678206476950292266179839323855510568340044129458375458
9214652103528631278730887820902899709668722417608442618722120774728336460428932365025168080511160598
1431811609276370672209346676735530560643666733447206209666918609072625997685392528778408486710198126
0276234325978492215324025065328292268598058421950692506199097568121306836548187172316314528339774026
6776569320880699371703385332158394333940214674039277780519329602571060531363182299350183275999986860
4612430634182122416321609655322513169720608539998058092819947314150750603318275733697739785647016169
9060844694056896688924315153343153917737421620855384896762318951087460392881425950274806744502997950
7017602987428350275471689040129019627696139234813642860348959185773128873428714959905456403820142414
0552222905724236380334854990500853634167658054126079066609482026088003019994108737594597926362751968
0484680659925598228597454257740101087903260688016362170892060288499761020412555965989451256095394804
2869009552030978404650129171356899054263131269851460124836991457415735186296986041194577515702140842
5448334751810602314427730437885615622716366499582429714313417182803319656313634810669748192209402681
8010828516083257787786747280856992845623316206267732122286607638069570130695242712893272002205064394
4425719193413868536412515009048386223072337307412369317793972653087053817074826368595009243324228922
1342827504129597603080586780826719766690916059171085574025331902033431699553832473382873738359678856
4854213437371395957325831474578833099747357667838907789488277200438455694987136384688241565836067447
5897457828012916636334688515255541722870451152586484849928085364587535006790032879468766968546329018
6819886919553828149621919576823850746078378465289028417923169082778547410220931772248040064949741690
5511957627676940660218890733192574523561422334487096985554816428342090261277657452084828524903914572
6717343124064188888210752714869289301000762617566038222560131326368874713825813740793415066256467539
9688255654931759162376200877072956457843407604021576836065692152230477920413521947828482104725997686
9108998846305643532679150877523559843168833266131283317506772129350527309387270720339232695336694376
5627911902812836479905563681158843622677701168470851330464767702823477220972578048975012840729693368
0212209381982121978544679476061649583193372717794702918358708430058317235593578920563910643962755293
9461955903835606087850887969939681921054504307091191908590174860766609452109087657360133408272526489
6082245897735264781248898450913756231649315068990064506351034984308245942019629997091101283106483669
9362109971893840718118668926974815441294842768079837480232698225075005022565586051232315293895651649
5545246099053047943872480165786087459869783418999103170647352972924797848600627960934890530472230324
1864150178128207690735431555841639536570364592068609222085550855804357159395012987321194572782287747
2145583473856340809804510166741133713798123989777437572855303058607274523706305099481030576061366564
8248860333670132801896669428321446999856909605146398292366755311731473421140591784450757211317813198
8478355486497583223190745542628484861307908433324102395544462765576695753382657060109684388168533854
8431235329164939490341555516778338501582365141522542318637549826624444098088294989941826041884069992
7870877730806845159912747316343016190843084494934498223465010463246232593749760299073894274128668607
0820840548053506540171059384312484580917154953005791231115622362084050027871767502291120255511244823
4898739072570344289738393660177422089458645734287599038201457427580128530184940268977720476280295766
1074507474595235461260533073660606830813698902891630278524864450584708733234691771495952397799102696
5389696016649425230489789492762503600391795734146395657570883119168159085594882185103559650094357375
4358956005699127537237267886075845287875995337333205446548741180206995285820907784022721103816195471
0275471248173933538332254337221235425893255791496069588126200528000464899737539374969622841514938618
2687221683383343209925915204993964262910036605937014097444618151977818958898647908946939651817174012
0686669619433881851291624706374042579705028478541352255727949589479111587165625774430702620595230737
4376209665431939964226475253086723462020317048862730541258844302603602606325776986820438429569351034
7027855901781477166577959058790387692172277188231994125770974490388398785326225913964134982043700815
1834542265737118082705099529951463044604466534865414885549150010040690109930703166596908746395039866
7863705390371497694712230842323121202453343241283440812492355089512296946050902300337482666275069949
1224356244524729603078144465758271288304432686017537606032976431307211850708947254130783687660383444
4863977214957820316799774115655566026371919773389960933802560072391913214377602228907681959032170131
3909366285557832285291544118740210343339794843248785539883300940172476541916547282799878632042910294
5424906196584785499513217711273013288607348012368268493279260403717058658594894184249773083050086907
5427501338343253749718544599570712923244154186152477640102890109682185040792330998538965004936957667
8110501603550136324588652431522439404697535674443604615139643318420648424078358570990230617213849139
8542760432741212755677381153053892561883906376602193683236736730822711678956149432532644153240796400
485109329883378631644703566339852138578455730061311
