7460931030646613436873395794005114895402287540849773288051133049777936627252709687806643956351409557
3000836449415488275742723006299922094081956877578745064819814439468245248674029224495816774248370486
4832829986563153163521212340663734031506157753431814094252985897158828388086813446345123723991685390
9168796333674502254039533266955915753912516109458086972343184814561433194919942423248129480825283814
7843352699265529258003598268623744067114196429865781651682956202815223253794237749860195335965009575
2221878272325498992231767054266246687206726195420071159525576585344363951921893188823602556718780828
0116916204490830316961802141734679873071104841105684443197349401151508334766947900287278402222519455
9834054948447472558145165480704222919872100190703332499487016023504996566702637597998163097809697665
7105131745058758237253650501516660264780270998482777946114795017998269084407457156835180042530198900
0657563217665116760335204485842854748859866388508008474636722119497250239143071556987978887520697320
2721276797256634721822491704395568179987519368032618115788750733048142295502778371184133025576662541
0217194564119587177428148972704472558988328401178756126598945622175271864462227642384450832874510229
4982469481608792637590221894467109035082364534256576780385072138718117910393932418388206378146190438
6517507181528988945490783605341775757041234649337401747972051081068954003382183157863988192144899958
6564747067203960397819569035215149696750759317343832657638511532886057830235887943794233492250267638
7503973310350621870990995717739920303509347038015876743838313631262398836820372683525572784027128351
5804148899611419198358274730777891461072615054908788576288596831632518942157916180880863234011631729
3137508406613986371655339531314010914220197307416382847926081858242171939415725939091644727494895374
9215192435107070085218664711174516048416004544555982555080017122941382037059757505521222536105986960
0135650002872704915984246133827578603255353392676872809635753033323773702776997043677317118035983737
4346142770992457399721798966054927516457383570609447563261790843606972526973756020973810866249953769
2166499628672199113573777014680350436294196001338055067164493191892479372268510645875476447653878571
6021342057299310532456472001237283052872820773328812776088477521483207533382829130578684149134389945
2637113236690345062241366919508014098096285940158316077129997826538268970676486340805105047372787499
1260881665362668046034803537288260055763772547069685313059375470737431275113318826912870985359330792
7943018691893815765165071917461929512034441965840145139689255658333977406824825123933746883199254446
8959981486147608245789418960130966917268386698328507279958117971599112620605183099843865804762217238
6401520811337686350739566090476896028822317696363320258360501674590877978743650221018556878115062689
6275061710286708049960180609921311093270742895927256003071168796332058473217331533617122948620411302
4471102738495789649878894056811969494110629477247097212378272322882902401134329577682471499035949981
4715258691009233710499571498430949281161384393383596758286134396705484582665840873040864753963825544
2165357268742115284338130934809745537730237872392112974721907606054452663510816079236769742384790002
0677215508863421731965486897764682591878018727359205774431725986732224658213800273277504200725690955
0586640000615714814522976673431171560504673544422014772174477737235809812189750360517964348804201406
7595409651345393865463551486453520266293470219281728329005354222498105560976122083422289314542353022
3338697348172618263065215135316165157295173452334117952877165534766064899928901069551745603719683232
0322328858126328384181514107871287836581334488099189063812198369528058391663016679507412355687262057
8762330058107105370439599045094878676553309622614007234452330904088423120400352480038486562094627204
2857694290992382487259824045814029620305453956227829656706940824047690975464610853410859764352084383
1270929880615021691421422209031529938525378837935328393770403412065299144460064361405505881256679469
9510704200270306381468944382574913132631205773305016768039127265178088580709983787940494683436446700
7406261321925117056397730961345136867833283915702622955579453816366465879760631605232020487274122452
8195468157451140532288752604941781285089800118139383912789094305645795727057408161242153084562705297
1254578716257829798464715792998693908903388760471043315786021610871594876288101818599393125234304046
3148217376174235971324422644101239366965942484100515464085220233663178122215127376357399262089055493
2038336936926589826373229674899296524719238639151988096065584365134719930319409473656502541996207514
9896722831174314583406584934726923919771568607797023714656304129792360169676394281345121591015956716
8298940312628670466539517442173420383731784528057411254074750248858834824183976736717016268967008977
0416905455298948161998647389026048411712788213611023037809915693767509748812598807041580043092730521
4919653932717757117283256378108285824504519649856757240364833605658935664441029050998118613984120692
2729405566923919252078074374273626488572589867527901213788069382452018023082785047507043190114730603
7125529480454113413790358312293778195180820574397249031354036184401474779407325788344905550855999048
1179423203712826105412875097351912757578922823292087460970248514853925737778186141747833636190866153
8837136457333116646058735344760112975215461705853081318137968391614573967362289714617998238182812256
5882950451137264854394498917831683874312676660849667773235526279657215421672915442089632098166917497
8235685979415242210939109826205438780142578462837970896138309401943458544185511684606373336500768099
8116147486522801098837819028578898664851853412643205370760385136582316799047254332867508627896282097
1412071527337052564259511564505241500108961809894864523403025056740462992167609543997539650948331952
3931269751312591875188072518846126755040126324891281541047840249447466808921950026004416024513218787
9464426273447251704143494076829404110951952550344436579322350607791368382929188215643576824708354265
2560363863589881602364138321553612488208451090608836660212709192473924251708375279818871270003592469
6669457572346779756293189308299254080011260795739040267132656768223812979312272224019230990733239728
7823260570370044790422459399385911710218541552160541539255968531077324212960027758780243485540836367
8442159936131212782320632485244918864554488088727836716297346995075830549839968819666794328141163100
6796574317382508776576359841713699792488156868317335601884951613026268671469345868352081008921231638
7695880801348888479194704615549623540047735482756454275815548119188564620770625019153206689549241302
6943604253268924985674778975232781907263454376106646718911737923085636921439648141584964019787408799
6487095775887403820224361132206346217500835539244001450088779454060017220173909027962769093102805841
0088681660265346035052489328976871537165579490294017764625910874618452416112803533662561086177636794
9956908120850568866856003846188881870066216015968853735245915778467347201967995043909254260364049336
1973995472784266534625023837155824844266335338722444440269539827708736073521307834001235850056890800
9268022443448257090508314675843609713380320529564402383706345242011461558157378437528699256140675623
7409786170288315613069713562013066094673795374929983833129724555862730859183901274746288999188218782
1292296372879748866455950003814622202413383270547304290857265833537704721708631106724596783915305844
5283777087213885474549652335349143751924990351040789237678278695633677307794996721207691118166573361
7959795654095799513798010377672541800676527235308139391627752851523896289638168244874677767041763661
8742067301507992765023842233778855268115798548641244006430632364627027957175604322145428031970462688
2634114006762379128826552343927200852148088454623088187401614941054117038790151301213648645755363711
0847497149004939553293505082217261247700785023849717673214224254166807390093516834671216691655129445
5150908772653475822130254708159401241425884936672622874736873862312669473724326726142753107206453504
6823648368711765578562336913583683129414204671741125690753217679286423403203056413670681785314826444
9385518128076510500902734987716890184630952836827508557692908488954557070667821867647320009648615553
7897365693139838013630427058817575865787559024473743512163995616463416654190124411385394049634624805
8253054859774182669305351862973920749403171591607026240844443680128120745087939703919919621866178824
3301337761331792445926215338477294764836949552244548060628869795866760324909370005985697334991938880
7547569185330759103885796061788312263735017496257731240374832591071362328609581967479651054604096840
4045755229400999648723649894638923560977683772733033264560336776159273442551221856398464363991806100
3674718869539096672094806735867401486745918324635983786170521922984790086460237094581722753204716496
4226514453147291785709065957844377812513493634009780718912609902508400424902130989320059935571757325
2107369515785209686283727277970850305003485810677217410538435201168282182033898647489516611970201368
4408872725687752140284933214996199461527169247725321690179825736569265850762116602833672906118754885
6963327258908979487967820649086437700908679116312601645594558225089002076041857735317692305670117955
5084489298249022625968422753126565315415528763470877271097018412619204641021330736394295994148233667
8394322530027717367065934530135197806540241581148933339042005108051181774872126254592862418440038797
1963824191438756106046140040075399697395166558018637395587133066923327531360263136000252394699020633
6249022639156756984304185012747433920628885746749062527603259383748661946257823877833549401834196042
6397313226616349161273134095752013792926219396446772364968251091000709728026281334039220222236025424
0081180183020746069423436344421351381726051919563004884295621037024433063798876185744194293159127937
0882062608975207030983063653031934891095477349616592176034640123341510165804376373793980818934844834
6181192212793990669428181027452262882609662041690205838782077105273509034628399278777151870002598237
0826480639287727525087556958307377719845626615681768002503624698505745407806177539749881484482940145
1956793320049499767001570446842683850714220687001577452838877620632147367950160387019274301095801028
6320982626060103858717853774998242439263481223360944413938154448566790404535184474462024703691291700
8839790789919087390710880223711209343151422285727387844191682717021818654070731087793241044888942809
4032440645693036552317702924897573797139465706806573961007808345877959599099528518606699702719027116
1320680045282427352727744689561928730450205790256757677789193352160242037405381183893158686342541292
3644796624369020765305779007250302966280151247228096365094035460108789876282537646271462355048947531
4079510345658799817075319636146881036274067942668600353824007750183846184794140683597597439728964598
2569840206101081121740761886247008464472183255851297700192463165591666858206796412215301074350192095
0460967397148165745486018300802964890138471353898491110748863659148645442222074424158961286872517724
2805358654108949437383027449943360455393006736345368142221001123751242840840661427872046791797227333
8041247180834111502259724794172792156230720666426583321923072696013637665882031129585953185429568683
8886194482961299798960192724737292213186633973082436822673920013820196634412526576973674912696004549
5084301590072752005831854705298289228714499180892474911580890250064377263095782688461243949485367307
7056678216596242072544333648362158591112338275470606648140308866105576504681710908677584888017683166
3664288281128274195628504683541841906252766598283634322788860678383642765048843218989714347702867214
6897367497883424823366161008423437639246189186278382844756693963319125601361054453607099533838729679
4523830641559906927315550941247796339284255418453519180423371510327474308290478259537158737061905570
5689802100535909768241052935487392570418372555574834063144705725373015914037726747266822402272747628
8578754241132429952307827026811277739038407395942577460852521043957238889031281113489584032517439115
2075416435874287859720004094173595060932746876611657781578201691704406688002235749118136563237862149
1650879696748368548604219454988249451399309526062243228924756875464182502938200555640198578294544209
5478779914157929908704903217622130355168703916035670491335711026373379229266272622279579963688645843
6576617984774030366475202341242871656309413903208222542108819425660255118042239552461440594676572008
1995805179009415631034842463868626627818001483489292964197936537798895348773931036432953717461505847
7381948384927512669817175368981896141566447289045729618736637834067775917042465234717615121272021306
1369415601726908093955828481654633603476708528923774706795710282262380063596065577136039317757550730
4720208244062586365072567372037753751427803133076160714324065353141943892815973640717187566436104118
0161462317472873019006593469547363317736870485898817105838235718065117003575084564800235609595346578
3751286462088747645895560623269699245813957523168989976823418140345705824253257151579005257135499572
4670486974552880435715488260933913961071765737208257891016509156570059507286235499450534890452510308
5027919621773190675472244849347498336110708647788186819079743249890306767502005268412276894387130662
5615968442549764271494604195082883194952538429912757585621426995508236086045475208144668591327214290
0967767184968364215745487168140910593645611675821448388631661361796882119323555905365185257193554479
2979365469060007247662714422379561943719137389765835938312151413458942915125963992981855094224910350
6502142419389336048267730425575587830205486803543462251194850784530122257180111290002942995507699949
3680114181690634008444485742272528445757586108621558303070166831029254308721026631496713373314793858
9251169252427102929500728529316390038861360358048569332665895182097458398332214605152876614042103090
2549773644562687872382783186259294495860730158214088900596132121109362597288035119378355601276680063
8420392648526190667355185617897980987012023192771730278051704572069151143642082134508691007696115196
7382446532048431521920218564777394390436513631648031026819425022673487916571543134311030197707531434
6274908008588362258537943736979698899077636271221614726471654944541644922770426142355394315506406208
5779227876929370683405988537110777052310475409740870298247067179048232363490405785468576948096387536
1815953598708782733801978410787747890890386355850841059068242209922406484913868691183880175548158469
8054209725856051372285438441242829807998349328893064852836236624552003183479127948796251971438806391
0176732797171145540599393276023175868090484560586717753174261990257126448491855182645524702108748414
1855075714809743674451980887422261380312039675022528766288400544675342346947314495243867994546573227
1503996863739978145240515409397400388229800259542939034874013748599050581260133567233284189497441732
0587446934690745556223252559023672588755876709363840330129718291392668761491190964725805031449545801
8480480368769130314303971844290843313554258184627784225848474302242655413313871250577001045936698774
1556394015423375157117379043997999750907501459236482707853780541975052424376719678704221557166221730
9591438399058345008905444054067032529418128214720057624565891315063758974726427640672561073649055973
8372855335896418345175909067481019243940481137112608716875665072792921359338432473960313078821300694
1917912720952723829912560130974977359511879465056731528527530303331817227390393745823069588065152614
2357326455273597482515143313148244501973065650471010833061923161908925452324467679953374906731635509
8964780396316294126522307659693131664607173333040875402903142104252025257125757484473187852536656240
1003979864330544458541300410720764217681707423953641045767208600905754387484600330694297369615926439
8774929496287677889578426997937637173574749712932027620077300460479686963429695278127405351944880162
3548715435670154292560890098645135252808788205673516260871260298637516685069902453517697125286066778
5222732303620591167126391347731439940877368935641946649910242870217683251701206969511339499599027088
2366850690587905086645516601092474099869091895285639836562994174382263198232514051932331520706681810
5559134795943291456606405707898599920417984783480327294433721938043905721300269494548997328234404189
2612256519665978331724740979799101194761793702375450825324528847773156461987035379273520659326466431
7192142753294554460651969547806992906179482198108044907887442650053365784578235630520226554646318182
0018003291103141801905677995302437483890726099301480829135116521823544389108075854285057750721068562
6966533751656847191539258141977526610953138876680074161253447330699748253113999211994988111542461325
7581892289067805717471695919851710274643678972852208012316177636341848729579656972887633406258500865
8054689329511281653614641911134191590633341326510813335599536278670399467768390363769684248966430723
9215330357852167331711430487742087096783401765322342808217428750579413497321235203017414028409051038
0209355618259924834573574984678258973362458917279767548579497772074078598112358285351659941547699048
4795488970185221484818057110024331851086395979601572287440760827753788950796806602118325754448752586
7076332734416482158447595466359648676109416706702823490492457817229888437058883492372627846133415190
3650423015906489823540652679160585031971732539979145486088436335144725295431637964201105898538865463
1371445714821866653524944987570800146515108346926972601742550492563225673163753926351061774188779538
7172862123328462097307225336004820082842998136647728732280812700192932584357231097375556075913700819
1317644827145479137600816950775233318991040181313325334305791818445356824810735005857846977761225002
8654870858216494939020147729751748218289565068555283509422343611197625919323555374300334671313325518
8575451337056521646902019880583944200834827259036549834334691181886261292908318282148543303525814227
3503071032833205409469971671973114417403546649790421150230662312869514272025239112446000481592395533
7527247504772607047194657292891747573090616397570148693447162398161289933000628858749997702881159644
0759471361980326983553199244843673261673435992527146666664043005538063029663113182957246800067806876
4508203986353628432169289980135549006378763949405044026316308450860190947064334964100084354084470300
1247684735454143236444937127671471520080802194502829213759170175649573098799523633374690109655653071
1709371522767884709718356385303323783500280046998262716918284807316854704428208908581806288543964393
8602453255527411675801703542029138309632710724397865972660495863595349030167412904337975431220158219
4109041898900394523648997570639635498798742786281241898251175437057967022092406960393662286770996972
5965815600003172190925029298954170418389956761421347775816920853722915120160165050918402767606918195
5310162699849295672435810847651251879517244291025997200997627666980911143475025730910229242875926995
0693263694326263657347392392623038871471404653342776748173455282751399600127903186164315535298367683
5597598065314014450453778016669475543174289011838158312528835110405786945318715774796306129308246732
1776761194836249866420810757063625022013549347281445570145441368872435016850806980274478728331994653
0837960731520486398954848055106522699610502777924396725730514714018133201649776054174266746662244920
3952028099516508533586864848925905198163149943700033429936308729889728101591739903477833520681494784
3922936940942046956237503019056274400254664633394126670311864357478126238185179251441416162156936090
4942301834466700294422744592669081336203875221685947099076266792154966268721793075332491135473916698
8421368580970953735930718168621463653593185680900694901556159684857925361227814344934895975729873162
5169829648975187131644275456771398082097481316028853663253921982275150833116481478634408972998633841
0488848718945444936593560492152903728243617559477651203797727642996358355450047717229632633839541176
8227105329448723137344338819902781656755158441791561363902734931177939022483627046463791366278048087
6054720221643938408212299324246400757760044658133515204862340411500330117773345292862946973418598464
7992637995769736465378372966282810757546749556897658262798313285354259845092391695795012285202759029
1463191230957868530874367091232284732015270108545271863435371195743461865523260731603551897314294170
5356417749745062343231849070477577381834553717022591895210634001168227823331290030568338290512038567
3827942296258531293208290906741770787100525227637369072405730394118573140799745641017531285425981004
5595844827014054099830983009145972139230331164278910640416851937864879386335591721807580606259640267
3248072221346048635507742605940197744760307074737914099375819797266913618717175199011896432104799190
3601007188051170070852110691268344150346966446690078865956363949785145218600226931271858562397327515
1462908381943033938948661583673754666737555889332697355822522323414800645429435134019850806325286229
3784250453665748075858024097380974818945156577417008430051079814125556734930523680310309000409285211
3828165897760654830170738230893973771057363075644118808118033665347125613261008972756192493323977547
8659395452002803982126941100943419335718858278849490997446470106042291727593658605868717871022091398
5208991053364684417393452611511729183530526284713472975912090339785801873593390094820816659174838390
4735205209800381383376758430065836618615491017231172424330328827907004852647980493286376823481890682
2824434507234860986021487538288218768579922950146901531491751641722169410333872224970839724376576946
0816318381598329313742497092283176213300506139787352938235112570334155058345984951644965695841559503
3171169200635495526152155525637197574148565605334398763920665415682662907242454450146983757296522461
7313831205655444534413939688037866577893783617239752161239670005399944558716142714256239181807276455
4865381410340488383958168024964813856285243455329889586180288925334307999199125944381043902550697407
7720824450518367812774033051502033593604974224273320640708867789439846385868124241863432791392217219
7675495348235508147648350856767639187633690277978910095150420374625338012549465092261404697282553926
4704272410221895918970339191084378501038093979995025261050307417495759701242045562242803534926258301
3679002538833843128588198350787853153276259414428251141525218087107536495585918771959970380840214263
4111039106255673123492749693580126593619338242307600926564182287643646971381612164810668034971961370
8757397192322429125736356928136802373736071237309934221140062668676525694358644212453554503931221619
9586340527637914295587473273569736458996986963809160752066395470715784283289722191781233825915327679
3126777505188000459584102441907381910111936465137640541280410809222317477976298486892613676745074996
4017297881549352456909805328310644482074915811648966153464274811807107071230473531799004920075136812
6627132968131531610244542701583001895237285805317181172015499781214647379698063084049595644318359016
6994620097332845029405520395892631032280765456509386707924849168203996220756597221132363764128294082
9104723043314546378469864488205972976868714980213781234122340597972936358245702887091331682196233641
5242854095850324561486861454659565848848309462592137756202089901751535383762211308753822242343911750
1048571678273760104410207106077638609105295878272356875012479805088141262616976781920292856253903610
6208421341193315463998088916362483094767450009284640031071166723062031122945735941620613222116007588
4889216258498281805107259054465432926936844067593652830960602558628408216348602679672727101610238076
0512926294284313968855694823580987406867335110652166216025845928354269444320905455026169707124273253
1698958120857850571639478512721887093306174679503491939633814414697862205435701678971254357120894871
8053007059041717191545029486956107306414388748203831029191049713530714019031853195653812779167107077
8154407109524120265166606046389039091180143956438996031732008471823596849383197430788793447635219862
5018148147502718228480758795782333849742429703829396613848021400355603679483651107217548911508361338
1911895119290200199745682378636264748324106678000825536247612385231496560205589583196563650064774499
0945818931340457800035089462097095164891685964576800514481059585046760431425929601779870609604895986
9769115982743382625527564469174524041059689780975802853145758869038867971685204884789733615169557581
1600274620732365042061458429533251120322803421988479433306327703076445374169255268705924816207960662
7923000778375127668440132243473421450555306623692997302967102985461560253116963722343175659358967425
3793292261368524028892047767466321050921574915753890710807534651217429865136457152030772121779084625
3716651036177684516785053845670117188987374804199868617878609948036893415714949373421220537466831110
0729680527068263018298428465481219996764662535532030793066525986309786950229070224440893944820420034
7402895474073164456534912161143838423811332013349196239161007150235811428096075463774291855233662499
9920703794104403661354758919674956168903315179886233494869542386352419284923918467636764861671129638
3534620208959293920444675238927943074101897639969940856462209234940339555651323693374372733568190658
5386836174559594417151679840386644042857045066968208032643795581538019183548994784136931687808221790
7001191203180205650196240365183647558436319076277791586845236236496784641190652730842257235503790597
8752372828188041132047990429204787350964071446448915686475865365551229284234449694177730240110125376
7860131043877870017720432124992338085972535717003616872332206105610506903532424776979301526664752933
3272357294778049827202895039168169285576678862378790383575335204789907568068804969842511248226851618
5142037597093220538250731204832228218369123174929003872664546960107142752272982634544784382858848206
1748551020532436249784784029045192545948854974846679759665746626433634645758752921757416386743355777
7274037347270608025308462944592952258503241050310480348381191701729419279107342474626181570517162320
9513616520813583246293004615717043819480745170641272047507968894005556155652557784151555037521259469
2877739177071108489483879839469125393975733860394143888356397324329639133617220818276563423075725633
5947448233696119052345099463058428642376856601200929126196102448956195481334886060042135639581253314
2469982662149362975439624041459238914608114126824147932373633176772961182076417693591102710678385616
7249234699440686419274004799067443022462245710611157945490965688910026838063063655249974585491378700
2959832351004195593001702217300062406706675353398481619464879775731941204107593838069385362495690518
1764279731770355172430544006885935790115106993662771717446644283804036470386895351056087651083119875
2594809448511542707372340046050816788997692335434477015631570825498099353494479195505744092481790772
0890957885213099464490857678246778501681611124436099453028813091494529720706725534429613846129317997
8428195869952938958849043552713004081781112206502815068690925467420087429590595812435967364108850100
4088116216714676724366753812909168470613559575850101184001739401468499348573643839149025169888403799
8137158532774280075714808126483991856434799984371315655793677360406017575496041476656899774051563191
6136863495316760272472631012547279502426667748577778131012657205692992245537924514477539843873958049
9562026113299444875222094217908872611631623802176341537039441465153165869712506842091750751487788324
1022418161619160340859536229971035417397055437158028395752153988144628153409201833146436140264695538
6481497819878323778651937983026010974804142337740114626029762600118561835754208036042153808841267699
5361626571664087864848525554658821244322387853247190014805506876212879917307823027022844993480634625
5063485096672153014759994855566768098350865423492429384222618586823597966958389117626738243309361785
9758719737746460063882514269117615582040794120260023450896789731755094437091426573108049301845812803
6456825617376693749334802554559825438308785885783220792382135237897953096595138298226212438130329323
3841655160864730944705627615127581483537042962322558139344682500628087967661296413817108589277931042
9735442347686188236851238472128365518437963812224062221744426306975052554948916526497371801596531970
9725486242666206470597799217415487730797528097098071230379020527003158881971142524426061422282633498
2121294662220981325515433548987964326258483886438412172525522560634816754074107102195733080932458810
0532061156171681072930317916687954981746512868374120028603366387202504878960103205566306786161582717
1838989344248291435236940094492471561613209290506403822246863873690226415786667086837114184612292557
1141147461174220814511221647200630796554818151780093613388932126271241722038722154754372780162906681
7168016031780006323991664784024644977337766415086343795292141317890049426613635434733432444782210498
8521871556271909725025467068271466628903959308261861335345806908386532887567258152036436644497396088
9698626588163172999795271072435104790187638758063698667750399209663623084976357059366784055292167884
0942991546176630688452069082227139940975593796583052607063471009979940172961310600133860783145937080
3483786718215282230934730002899890002516518237579545412956588317662261631277766708969550818903052483
5391070919731422060574262694992886001867161596093475395589137730680974871292097371569565174058600418
4963306838990428973712712010916226791021080790930450308042725805038598677631972360239558006260302715
5344425030444568211089535276768017506058653762847865461287682535352196563022547274248538518319948047
6667397695591330347273061536622300448560925604655404903128808953345049125693556352557169421833514850
7037861363640549908227352179366952151701198725031926316050197151893949347908633631942414554223709697
4845354830844297402486287564245293347359351389882830453790139853501961519363773789186130398772441255
2493852592872576220171030501074663005485919393139618298062327674013503880758352015058562812840490601
6535427881494674897158722134076659113460952543519066299773944582212836349376346961607475942733003895
0944603997905932191089815443800018638976087020531480332786482400266517647443232028681959675611970714
3634709472725117734142540187730239355871084068015055795589022051124518492760572195862790210641219628
4314769374839569540821083714931275248168243905051823681113853636473208373290620487464396321701715570
9888504136638799215485431882205004405883071961678947255413075465664955229432018454242138466212920623
6771788274491705549956626977167337879356762735821365734987273747090514524806927707377003832680748541
7275264667868033429188261455826657340880908376444818823427771001348776794959848659393099209336240041
4593566031286592745160073010981331250069555887977338605243922707460800052407938661163898516100811413
6867595721505317170165346218163873926748889128785529447476539349061129958146477072522425325459809764
4989257364036392364463084643244359371943717402435779808758949337994427157711121369099541879395379636
1254125928742413091302793276222861047026040772433206939937233290750410303404324903184762128571714961
4433163555835127617572035596278164043404754335003250517210687192021241984819782329863012840386975471
7058085635828965225458026650252934253308514547585249728082619380150457497985393664202819282840586450
0195871420359329535760854671410063189099145316469335606030945526723181828183632863109479855949783298
5659469831905827057071397186209106683828602690509055142348819623306633001926345003487560747436310060
9839309417555385071649037740478965735419056523566810313793795310945950308005905722969852116311247947
3335945362405334653867857512778003596175576675453845027641291313261562174382269544321680605244639208
9014127006275934381546136836990393755311907092297140689071114744684321885635926758039981607646285744
7493195895122109903269877558863647219121945615511586777576595101530128284605466194193616723750213512
1845781966405414801498747690714866400491431655445426852359352657232595894282654403452785309731805077
9409449960447482322083565872658460494187865429160386569735195113918483936123161914665738507609640377
6873195136354923107859513045834221215667283263548855529939584077328645180737918394913565319093482306
9998912749207433592206599295380091834896324780552103672846783768306543002069275115361966846779511155
6375810565320570091812159203427438043946369193662666941197015084931267088262423273957630257281788756
8621510766940245658552751379769037258211398482343402939571160355522575053435998157917520050572131367
6715752873731390575171668118243929517260244893633797340399089637835527676410266208939327598743037488
0383672392373797953921656601546547275931369051154602181324162452781657833869887891620075848770021271
3894359270589739193843932686056010309273440671457981808588910025644908938323450010535259875954221608
3718542414678423534663456849301906024010542557954621752579705755043380119164809249724323439027886522
7100131877486506514009239930088181972820758857587709570026231274179238980547275502227571861635886156
1172950959507129629275448634840200963029965066132738651755133707330461075885991608744488385215028933
8452859091808865467762411955965849198116614699436195724808485744486434166179202144089935089730262421
8757119901372871663278283976361565670635238999521854693764886328429883204167214590730041411716594263
7416630754230325689378061028836623342239394133363779483880796098726613456085326534980400711506936910
4840602020400067097887088596588010632576151037885415266687379424350222418975864239534150515419151236
4617573513970525836048973138439969333572340588843905431632456277079607330512298654525359637940823220
0088441624990891863518146994810257968250884569301670354789274109460343199307993769179815576628620546
6244284754752061513955121393546928127648000151865312961335029249763316430471312019623581198588381447
6739462412229870658387820771412108685143034229773216151746713535687425931347922953253545419855637564
2221712937519669719611867687923329483936133977473093704000996861312021781145788616344858036842220779
6517415962516849161654158458276611206317035768645005359414406686237430154728759281861531933760647942
7678013639785341312795434242563853759812302998936111544670844381585824160658592098177338649283441095
1061274361680481098260178058058280130082393124981493338116719650970826796823806165905361750292961815
3460628283946933021470802079008326541816314406855434275212153107286337858942653025903729733665239693
4980439125180044050994944822461335380715272695521609865995897014569490697081616983950982348709216548
5478711495898914629793584148959554683518638221139042501298806999659008764283265564277605791360081563
8471596467694037258961873732631429330014823830035770761041086566546558564334997260240057216204245297
0869908983483816914035733832164529836832984313459568902586501004483855074876504447836761206245395511
2488354858754885579420289570604963533778504300968256701959015023434989983190756333833013215316706016
5606346127428374874576177279262904995537795911948488715907170621671852770103295488986716125767149531
9473897274505802409726057177437442359361014655129465925322578810550234420842477227606261617829153765
7207093408691767982550861923271226437553066338685313827901047661687644835975329478884678129515477109
1306722262993000257411088384071476496137610855893608951768142673310373979648612899591202328995249336
4522543956713241529794655382465688103440769141664247623855196076657595901601528115763224637914734946
7794224764385741041529995836516570635194133089177774487434877902568654811734230894487050384072046474
9726757038370903601456640578890082592966796290197528557305621660293595410725659288945530557129156063
2135523680969392303619003086876667817886954536925146302041679989270005411740213691693954404216699169
3616059141296719600764003792034244859003029290461195100310811063056171328826980455608971016797740852
3730144157591950449865733770141516604339703679621399019360898044236796759289149509913895214067081392
9619092062856832810689120603204868397784810666265026928096162510452923904206422623709684091865539612
0488636221289792403488678893166757129483181755303143764425638154870869720542380886578072895943036883
3710465578405729669039654206422213547295255059221859841057388105367600221784295883213244393959128843
9649556502862089243920346057948602355449368505018784715993265405563633577889070355829880221961457508
8633380939084433700366283188811980091369822712316972182750804402104441228623546616481056482981091008
2478503383417181373108273932528826469674482649517113842411082041868915284878139722611992795080821715
4666835916026702913191694798935002773826763293405645718573949378928815492313941418646382507916450052
4717528257869127961686214078537754337603393632445454056497000636391095463616400687285374388474436450
8285452403563955245750306969518941693472330583666858306053775096484336580639842465094442015591523807
6040839021050394354255662704688560921275639259213742677918622090741544054952035859678223954416069262
0454044852031254919463300182589987839474683789854456028237548840356504717916386627361845929682982030
0701885096626217314366578392281572607622348203296651184713762496149961187333683116615406440593664097
7751624704461972414502039693195521013855281810611344692542761894885809897296454551508229939591279865
7689438238503588978765339834101118513542337663243940782992104544515445491651641327209763629217958332
5004281810704021142035983544263493770316951069195676073510881967961301312736593788921688475090601324
4953010132192465168351868809421164545920974442786976023928487810304789657343435804042698246844234361
3090976500961298379815151471217417137222297090771281076274625613187216131773772532709365112546480691
2866903327024631354939740763414081260250595319526245203001910669633011778775512549181798096241143679
8531780751273095304766391293527759643866713803782437323936724372701705285660073289241841225121098507
1404994558964215568828254496363735028040205300217658680451608386275710712814741729964351024992077043
2144188645091292887082751601094783027102952978523945613832450422525143004268008175825386551219312702
0971295702603836226982271423667586191402580005646690262110843095234324595065592899071413152832037265
8128075334871863119506229486116487107985104689373432619646235111713344296324717460221913420367161018
3652834985921778671562440296802850332538423695789721785924913835619300346049949580284949084048576890
5336868450299431619323034503067167713173100034023031975215882160255857534228515762350544297039085800
9191549729837000930786900918362313233622046233617122236140574184152845748151170152661251009159635748
6094676572546869470108838410983141212968679852554386186021224607523805707477714545198274715359903695
2632589632144851051278976460139935909833668951198119444249503351829441060140362463678785478188937390
5073254214491219516969983035745692066756113052360643808995081503042176582673907080878158105913909392
9745965193554920930735416020493047783617060029108506788030611533194464526521143545491539369293239816
9120766171106216960044621999550094793855943860691171813039776561751771630481111567065579316229649987
8732931408918240245068626206103786702622823281303695737607842163179399052469418213820638551226697618
6394719170703466803321961231662824291223112858723713011858847526129208212105741580578000107891705061
5774244313948029424073001981517029463630110358946981157003089016457567804784957112488473480542936544
4803677876490769106097996425078924996918082367950723124570371073450588866772128771341231146545902335
1624003741134041975629847590535403714840312242773700627338119458373435941818499888992686097517524195
5014640403745926862262739230220049883501690040846373192176179000377063029057648223097975519469295959
8313197104444696160934050393655421067226030211223625806926405417378516471311850220979562493164091836
5539605210483014463133941757881628740685236675125723699555668943645950616036498406233955224088181366
9591500958484610762217415987896064355323664095495362634752726194135516614237186320423882623447300338
8196941252605566865731572059943393965786429758219630586702778747269398642618551511865898393029466717
7417592215238739128708522628857143645697652336707412937861085159055084518769311176546495764803548234
5297267135381500976861720924667195832645316362021146297482473861814266355018376437649300203544500890
7269982195146536585245825235195532848451545087027188058492189460508933348125372796877581072010670744
9891508905354276172521203043719552543035926461419053411113462337825040914122994931582805530595766474
2477104344201864373820463361858033153590812771475901249005259110524397432555815806862736829565970263
8586369321935978663113525429679574219715550825903976635007905591036646879168020755240478541994275046
8068832124189570053637549031947538491222607550120679979415893302728498597884891091892043236471204998
0874138627087665262694160276110990825714274016864342048699155815528200129675944683468243969473178261
6043441491803039560240062756823528188166152901367904838450337058860341091013921609562270626565920503
9761530521099495049451715517488085486985969223155727189768615010090882787461311440144255656905124162
7940143659645273250469234374994282997229954733866452148167814712396164549961560914729357275198179660
4629343813740537360866771927552186573664990841524703359976800761609962248444641461583983207974493093
1080773615789019449466761279770617008892725928308789298714942442055861587089796554717366459926991154
8271981672688833435686390695503479886510984440905536547726326005065724784914735394598342606296314929
1177447168034306947811606283363313476426667588985699323993119538125566829288497823279311296694498004
1434262291468409710968003048304141970806150736503243408923077752532577732735246684371633848873362885
1455330218289195058119677453248400698119075766370747907309753194220749690277417867885319141240868882
2839018603673119208464102439231310784962063712705007001541630276946686940713474613836938932900721498
3773899859817463809322583056795285301619866316064769226416181717051240641227969566400397656375841950
8434179529458198723865313100260393395307022776433419243267016169334724706766284060727063085321255160
5717946628607963953144765457951399877532324005985111132101555669965441401517130110066707256610776672
9234101690735804652678930433771380891517033651207717783634694644854965955738360040233182160423557777
7907185410054856202700086385796138699773041853921430333560248450600325019754245156524714293456401854
5859440595525840596723892698497944937478172172678475475226420348216784667534140117669351378033925505
9689354234327698350890226103983361481412894453331334930245147248419569152489443277150900436566301398
3456112929752838776713152058309399429093938121178753691355836942477851657536540243643052307019463863
9319598099266769876094368195594151511825067909957954610853330497020983746926474616571786134709357174
1340384408029426012545834694104646826862031630034651452561986568607445951312023002879528945125751111
9124319085855139721280946998629402079750358687250398059754524607808543084428138285489963182596023480
1687982295709828812861346603828295920171037778485584304533959564029899824401286391226882241440521401
3286905465172159078650360159671880253382384351891700756644418048283910803741596502929089968308514411
4599243982399879452475583591822883217763419003863227093047915878740203301738365618927068812462606035
2616989922053492276970128252807010356335960384320856618731128230926871753628178204675148855884247798
4644443011565747128476546055125398112810375146379048619449583306304499619439037594869425139485783900
0479812659932639681519320348236814926484423658396357735910641155135713549070963226978122096994408641
5629370613024122018485306009078404648882238432603812689636401942897551023168535701704387853205427914
0704888651895903077151342643077858569402764906676884124132581800735260578424304355559402203097183553
1189141337397833734381739985717857976034428784222858732913615266792307198749503826989795783818746027
5293005246300096709823863024356236779821896555101391769750707118062957266262086921244993540320107600
2456337252737326371422026680544675844834470003863320002172280531099645182198393539636829085236703755
5626361339962595301114965878339279737604561157042131502353356667226058368818264613926482144126646326
1970097462303795250966435151287051914755183075861797887840222080739950001843468562638081914657032061
0712906119276175473356675122949757006795821458387602340171013934547345459186309047615559351492673340
7055989054316107708347341501451856307902541153272960687834016308684222759868632022945103608609719163
9765415752576424892425192153737159809341770787530238761594563471217865966057676259122793249273807254
8189114208308291215863443113120886479539368519671545608200672759509029150378242458631403414378097444
2930136483824851708836146451484264943041963302637887650513596043925106633941761200716813969461466084
5309994463625555365055368655849501722522276079465620847392198952229441213071424805850840204891548761
9558583786874164159503185285132361999214295352448759600154819174779292110231329838047535534348971100
5234555136715495323852029833557464022962856138093018539578104918244165213908769521260299037104772186
7722439518579789986408985302455077233761281372040414439857502022620015123089239355120408752503101505
2898649304821239012794345936804210165022540770214285420609288609611278958076537341987437933772195571
5220999212668543060353825519796560949436710722841334508525008047453136732611493663097592669910396284
5323648831997304974183554007161251919065274291794553262504893998427385065200145079873301330568914398
1813943879787470037783864044749221782676375898111875951544846086316928899349094974301231300935549382
5634680693307184152566750630428366140260585715782325880638722949071767244965431732527437452721508722
6382848607915100129379166228520588874092156117133460129393745721086959843566720148134775501349229367
9824801905714431239667103943814301473919441697283154749648118988458051364398423307266355737172197549
3048702195644684640210862470032230320629587657494709832152096364755891628992255961967421377685625959
4567422082096485905735572244208501362039702081593604230832279586184171644151947492696088439446408318
2028140975721368480806604910231011508136324731656437990634885586743835848216486255439757823912118804
4717111233476158731410913564041045882435242577297640976997326527672599964196754420995584218173423122
0443932280450812997445331805387411381152748873851839441460541732417607390999310712794439255116714654
6592002089344130594888552951730245842286182689010012046419618996285506878863047859290337453365862092
2210864077659467578251924841704858825144491466902468283630936345602955299864704541265663534269691040
5122464107410791353201218840930674313295944611836476475228509991430076713626782045084820134968126572
8603144083406545729733044466890459462824618601194118250655187509758951699555761291577318433476066878
5047928016499609344031943052214257049490133731786586425198054312926058255114266489722766360433151216
5353247717172725496889678567200187054776618980176495547456283549602385315702424210403585324521742793
4531256327274394644897739168548320239121349740779693802878330929851810546514215246532839105956303873
1824407929194342592247671482977901703420539218005847611885630832640201769621349997364718836746748304
6624647380817424602440889600588432238625496381472555982262070926425234490822358300509077356400771821
3159100514195186958107236738812250993042908965061232579248085512574866301447602396102890632612319342
8584981583619737497455156041531805797148000100228973116611909645785169320805258530486840820938319281
7948187544111583641098248610071601733765043649958724211471965846695696912992674455315775851165316665
4955719899171923604685625685588047674254178355134580441009520176312569443196511249397960619451710452
9340761849289376532740454034267065093997047266342005228635236735677778271298801888351508660970855593
3197448052165010816762801485655768682187280987224200276011502028308822245645767992317575587833135916
0159984304681515879272308538195486214535623207591593838253619645195729210869823471992535041834965429
2417968516867578686242660946697368336142441611048986850313968039124585570750970324223803137983180825
4292336279887813748456282385485585758068221770358260431265550100468536952699347739448166964104103852
9516964022905354673606575879988831917614585002173200102433489093138022381837138062591116137521481922
8554819057484024968074282207013302927761980227765439733730232260084253942966668543366288233060851828
2110719277615656081910895547580728465538276497183353395132927940625612211222816502907197017687459305
7136086783378641835668696546993798370016450869147774053471835246365731694486759564613930362429458002
9575066043070624287092816111020426280227155908611644987922463403494324179360041368063716016266221454
4492358617789533131095762768705180852422042145277987688118445588513598545511684339565894403719577920
9373683666838350402274125508359896290728985788271886636669721693815961735042097716474773890740104888
6736986479447007633238128023175161892045918133306415639687214203698061299874685425592319084250056182
2951459333908324915347848427067307246383009096561045833004719962625623203099981596335507332626855653
2071084926595546391603148639714875830393775302428982518800840125136495003955766359949273805492801503
2899349574155471730184810124289083974092366705177525480227496549499816347189347436010356213407979270
2487865082471993349481348899949879333699626698612467168796366759184283396418319370325549028036160207
0950263033798342470577395195777430019546105258405834440417619158231110141821094218018689229181430981
9929278085215136936358805211970017218533873239954730918440109001315162288047676363315721664171366098
5561034882605196921364279322111004879388057612673640133882800302708616968275136721614441814838841623
5617335462738384839555593682916219051230048943980843507470862219760187032272222879936347877685826140
3356500538845993486542770894913340258773789804679994198440155470022622129343590183581013879759175499
4012336732445229538708380309046811591351995688262118118380887291158444411892769068333587590221583850
8970511839713213001486240388318789275637843585334462174934762763642780886260310755283146579495850765
2873374379337765438828174442113187372719007543343936530657300923273233111183910194355420234512618762
2377242807734812100448738210224764151073169245813959024869368537002535690354090949989484189565264787
9733565353865259748443109890354563919206075918265561800628959286839463139829638357432175648240184825
8552032027073881704006312445833723171467479059836438831545911289392014150961086860745020936973702587
2066314170878851789506579669715910352219962502129911863894481405292470186761131372367295519333453853
9641613716422925696158729769460386682314489682013842944006047904915732156397347715296373224092396745
9246294981617828422713810068609124657961626386363992525292607016119733962442789097573192808777962045
6968346125013618514708050971987820333832021828667708398831682698383015672437730911436575185831314723
7253959117770948215612634309909712738456615655708073181772823350290605164726352630497800431616951511
8131823351109254251191638180503932659709550870067665411005119429249228623743066757266394979729837477
9500866869993997191231822923291282082788127590574119515835102005758381181225373678390886369758083305
4737940218115187923755239016025457960060848655084180171037084733810522405497972332368544066430789146
8758199211372931293368071478554697702452337457688197034523541676959220864946075923562544276271954249
4559948492560678872867421340253261919881748563807173532096742132987828408015212167425155523056561696
8285570996167512504473210163458853142563053101607496672744525491693175829870116301159925544984684615
2589582036715644792860938107936972293883063217356426614279632474225494642775690316537820208536199957
2414595970465199913886569366485570818357835118477458617423851279501543436402889512583827472027244932
3618826611114728776805224059891378101635925333695515258137747784318692180347543419551655659780035921
1315630005349017103070217444620660137874597491333368591050095079205786160991632939092491456050837892
8976286892298253298148251303002671859397457131072160732433101284456323955517999196421110260362304234
2600199384730583614700027801307195262758745747562626015703240322249324611662437220057704788907127351
2373059643667165936836229803290396006264716690704405198579818707780023109671104678698670266872889412
5742313344998159117791623748101480137996362723511228807431521438370322642322262531271812117845390288
9313460617140800482126168693527341598950352481536360440265302835080857455694507207378617178133668729
2151614024546129496371342996361499234325447785497994875227658933946678031234187784108153463884525311
5466604641626967235052630980799310084730674210595330988740297104330811470172747370399950082219082794
7179757771855981164161447661889144012267844024135379556292087915726808935059277912083156758245690920
1846401112391186056165742211985405462800677873575003839989550451573352145791198756113000691456810105
3828429597845959733255431713397102801176493720288525530725311682189792848364856157879798992279659386
8843481431550462553546126455409161101134336908455191521660667966419236513690545527949338879754950959
5445236308064845622908817883197308822423721955509594829158635498523079174253026907785835946924561625
9322081268578852386510180152602358823002183549815172184344640149392528435596581625759877798898310395
6285148760642277018889447618045210500397648492205807754257561518005177897097913043702296165960492077
3588641745919437212189019240864654119387740355696252442098327706682700726607418625157136227611199406
3580664536288148976385097528767042494047418474652234033417208403837393995669246728750675644768069572
6257123455378201131263491939594079895254607427069712486293338562850796326295656787276446369952856973
1085370163212674789644122434788810113201938043231714271559021080277252226866251896407852614197627300
0174872580526984831014859537237763613290254359969794912895024899867693877988500205570178680341707769
0085880189120401734162582495111889530514904200524258868870380514958144138005057542722237148199921805
7860930721856460903109507336832207858397077028986840478371078992031148182032647900616542404202731905
6760734673344864215012798342107714161888655262033744693887484179056316502297584304435991328558705711
0403965264588189210983812390564148998887623382866038048698743822738339757978919165837467178000336738
9663306348686768649107683496958731300911138858844255123929140183450259273227505862539844274545306136
6234110972298250285275319771060195275184233460492570543727802023179824803949793128944596696943420584
0724248213362644973975813066005167819862378537427687136464346974005439886260480025480556470661870576
4144264554398779052513074979323202013718174192764511297100094626513342964627304883137471616130081288
5599370725522001935738985515662194714060013740090591251540223985404970495904003469781041740254223198
9022249386150556215130124976594849019631071351470981073951970521506319251790400710710083372385196762
7251758767602754140879389016724799058629857711701609768029741858667278196677016222509754025317414109
2483385180375442421112869215258215324264698917946521158725307302009943420561196230655871578330684399
6591652931304141920779166768869890585574317168679650824771093465693760894376699196923541415069730201
0931028388823733338303190625285136046431673145575006094914705192923530541254738851008834808677230416
3471295643158915028781040630375146170836661487763581658777363063192293164281531615009892758191559546
0772332495041168565258710450205658160589060508469504996266268001710965946177007564952556778532674069
3507576215599275827176324551347753162078109781377438533768587901098376361358342603815341185177439193
2789857983579603037770670765390732616326581315166803116443542594372943099327892558456412218078019733
3231584038099242311279800846981241774574867941246686485892295074364088187196189943492380011174851319
8258859454267170276514382909094687642225480814287654114325468955119190877634901574497996661043995309
1416174323682376096949812632582894291295143836721348900214818692767677658005588410384061526007709450
1245936925779096748193325663200019492364777935285787823479781384550165059546674743554504558073919943
9035890990980136469874438676802218033991771308026547213556780879095757820822255349498305469396186837
3668161153317876080970264541446675749166908765056973124289540752966407218856025267500500667146144746
0860605698889695654154452144322730956350808949864095026893395789578811502580318134890269556258943839
5585120064880111866268806681610935779608317631514660773284608275719779192666903425035674137608231502
7443988600430663451925913113630497539736171194611101561069192906505263318867451762134347248341828168
7463472777261523639293433174786121824711274532356818397553250915397377303973580013749253020197996309
7334871161654171516886691980883021356312220319708394973094026352273791095717222255015111367415011696
9406241807898092731329188791674344627091439382480941976548155836705749945109631859981283312951316606
5636131197778922049378639148347611522844391791609787822739491500496579250743722770321757460228578081
4892375423051139300482231570856168561029135225460681861553998187695845763929285248043795543549939848
2450759749681284229942820406538026753573223882744756071863272207609545484187719014729349374520379827
8886892200789791863507390060308130808677838246210501587092427948604566159893414251646896090220994923
0086138065913108994572859280973381370733462960881172469142788231075825172763860795921213442507430297
6070876025643720038645343606334696090849133212565568376183199381776427981115370167812115341304550934
0036444591102902804074581785788262064638386036103506878873782144934474276647333534724951149639849715
3553871772608076328817313583892496046455459056776451010808724515808607132989777674982225478723643946
2005178528801431795320408185885482502191806002913978192308560564485220464900449632392942583098148948
8826306072797036688556652033763101580598013358222673371810964936845125043590600988145438182458944009
7543538722106675340511626957551399477609332011520509597154716665774870322624546240799754790405532528
9344998022705625566026688347505228375913703762324088230375470429896346981544836947148378541444847132
5399078358243115061152362081721791597174453801386415535452420348081026968859138757890702338320614762
3124455938411799614459227027660802796689015682103551799321823481926063528385690242639972234852422055
9248694600762265128531829816062277064780024104196746087107916323240155341934480625795288775086179288
1833765198650207322023994821028423649071772378646305827961637474121228407591312527392995174334271416
9336463630498687280336914747501498610496534044042669586920484227234448780543002221340991030362952517
7354820642490596313385932545316136072724401365707782124329606786716843489431578979000544081849166939
8483098950700159871801696818583720486550496373923442201109495223858718395601561109812689687750170771
8672304829113226478865093641666418572139489480306805361375870590880662225433447221286967741241423561
0515370769752639719150802787277033111154395975740871533510701409429608702231666971213583182880026794
7680607884076236546475561927786815100265271744960872968886862313216079082761837908000212419214187985
2090765237009130649457851780219589351882557296310753269229355365181226104265769360792641256514231502
1225539306482990331125574738502707904092928420292264642011951479078501064228744682386687595630518450
8450306388016043632398568729554200234490791790085372590971783210962914604092654133386460439931285073
1895840610727658626457516347991596320462167200172263562737820085839873617157214678382842517555572975
0919565824003476307442246684925962390840207375629260947666897020929571981179151632563893825336024470
4535058949082307192969011214087787808283690209052288795414622322679547106493489820635151578958847637
4478312432574810619180935042716581932455273460333065402798001359092459514316180582895011786742275859
8246461716439327494575953341382868823017740589492238477001071918524323427702418319090042404488669296
0354613964491814098806363848150806671525262265296065396840249508976284248084111805804610136710831208
2585311487384814909562123078555413562184866462390098887566615069183595098601857001548633796695876241
8399735104195856724483018448598496239218599729946960064008659686239937586133160209494544085668204255
6534248141216626736369833242523638832254267941413542787444294129211082010669336023771950772014784928
6033897044785272978873674467946067052184745116860418860033058605745606147573887062702904602829659433
4131373976474217839171745092434968737720666081848116649747190868689880456883859118342890224735849480
8690198868700374435798817056589480015767376065401836992746083715045352412942600260386428958334159107
7374236182975962653217119385300157416290148816558051532849575645693120173173890533036871507272907889
9156645866259697601841526195039958775919080444230998576617956953566725032174280187296355930434078981
6830491357287600980699681073671944586483390521726049741696901414392889609272463784668486212331283771
0014250196236645961464662381711204393337149122878123345406850820961420481818303405322944565675958373
1671959418052904948272167514734742831477172643662161930593952696926434406873511724475847794161279607
8876099155906612370336406287028862786265487067029769621911982820181666785851345704933299607373374911
7005078283673819482836957024127343109946293665112652766196054480086321410785540483347445539399745147
0202315041718993591529666753413504802125041829238180275343634265505624880241192279072011579649343431
6536759753125547264998879839493098180818024757979950408568788569745794938361565352460372463070041171
0111699605251266266705285569205101892178334170310375073748665581619569836565958877176782326397187722
1102414957427910287144998522049908528885409365020901523329021650257089800740736532364769453923341818
7277055394829624498839284845010628438418164348169946827476828032805966042595725025423176882738326751
0084829796498659534687778966399685140718608075078704341638476598077194870526776088575159607573842221
5709294495530544491303488124204696037101321261649519436473750149404037854410309468370020733516162281
7885642296306562062020660594511645982740817356619198514215007769045525506135708939557558607199270811
7092394123217389928123508274524549337164988327909695470484468986817554860510519214013736923775976815
5234511474905189634218640730732078348107996707010386217293858540312936890053926642765595980924286378
3045236049594470212422693298459195799069825561400486654030826876058462956993436789829479017404002121
8007284403376090621922097127660915931670318193885617880964297432630614289617242196659840774813615684
0409597587444864962096882851812613143049902657246420793066679099969423895646067598943746078787511919
6332961169717580046936909623391976655457578546818302556367842366409009013992208187647536658827416822
7193704436971762658594621383376331491099565210627397195490639879533317811675506313816720945012885076
6842842037758153464998500244041349088860659948950534056506182611440826450832666781756296979143014183
8285808254400389402057960338139065577721217249757277477056073380302569607377794373638639596590058459
6250747991799318281227894538738337552161942197332444598866265657140506684480601064478736840371436559
3000247628124943835852768470992993742608462534439087342248557837711384677558535764944047045506316253
3426099096805816114868163362346277306131529592571498844836876511651048449794710299049616330578440845
6292862639515694997965427686783843952805036988797693590736677119650721214753592401191094886171994825
6789442397274304634333144951688531562832312250512648674818054667828431478853480326749352131889851979
6909864987799724076642748201950760824019202687320217897147863324973229123066500422875547208696144813
3039479979818746404046168471135238700558692134163690299810634195896349004785151571402088747014064634
1461741640807605021627753974748213769921542176099237878360151280715225971640691010907063289078266666
3364258296100090397704850345013118394708584939103793250286626073402201913544378197766927697237062675
9270064641572727053067927138065264477939991310394855088441576730326781644229804832731464428553705755
1816422704385531590720063878197564580833544145136208498569447432646260538425069864561672873229337814
0097624206627187816191683222092957480169865405436649684327334745957825669753423091172858111579768441
7317661978343707264399312281429123578739719269239325317511885243207094400592004211858570727424809426
4502733009028339158661391294921425244495987112809046666318068478115609885977437591811515903305534649
7107661350758116800123099873598003057526155244897983216484429957981631179076561061369473678929141369
1751416770684067312538576941672361819813234321804702132462978225938863120246297648617611955793590457
3703065947511678136774051928467333724654754906268825496039157151331891111630172738497169828741055051
8323427947930474045970852269250726118200785329744351884938657095275725193138704019192049666282922858
4617777122565446632443881819928010160820371803091766796619148400040540153522285003478890923396549180
3125798744989065099774341775247486630931237072494431319606663455574824970812638226584200603610961769
0809598648809564449713038224325439968628092313287177421546601626948290313344722572410977688175407326
6018445248096730712845080976720943239222397170655797099864578414529767076979923164979124888749045298
4234155940952473070087739329837279843135540030953997929273759290784425643251187044030338221036632627
1304277226121945445564525167994179644161621369159766435268814054587246913151954506912018311853841180
52177506846932786764514111877691336204103815528447
