54162526284365847412654465374391316140856490539031695784603920818387206994158534
85919899992105671992191905739008026364615928001382760543974626278890305730344550
58270283951394752077690449244314948617294351131262808379049304627406817179604658
67348720992572190569465545299629919823431031092624244463547789635441481391719816
44160558678809214788667732139875666162471455172696430221755428178425481731961195
16598555535739377889234051462223245067159791937573728208608782143220522275845375
52897476256179395176624426314480313446935085203657584798247536021172880403783048
60287362125931378999490033667394150374722496698402824080604210869007767039525923
18946662736152127756035357647079522501738583051710286030212348966478513639499289
04973292145107505979911456221519899345764984291328
