10892583550578293376982252735220489819571084543026080673189066185084701552986169
96291940961858901379546182685531220055762780759342407499066046704182083087124626
92637816441093145096882635520557367167162420268663336080712310947045266837153759
96627974849343590397799542136665988202995013663801646190802604032352295567305541
63992303009752651350320619930563673695280153023049498468696618144072021372831425
96370146050560637811924584138655260014538407298330971714195008549808570967138705
48683204779722990552739147984469362141478607068870521073123800670726023170094228
09314774791894700769891009818743169303028154303290071199392984292940283852217800
16662922915711026408059929401645248302852815333111952344142315961493414026555024
23600078582159367984895007271963475163860442417219847065583293642779959031022920
34620628080752342422906401283027034649671445569324281946859622177566643375489715
67845131179267593598101035556288797194856901606003533460787935977037184650765997
06016169983119838781504207633062894908864299004817864995376453798393652127254944
41511932772182768149943659849007457246983861558265144823191367758350341527780770
22155694527556650483163656485683150255607805813304340005565354041331326603463935
52028340061269054915695605424895510232073822761373526657170182615196048174171125
76526410535323991500058749996247580834453782528
