99497054337086473442435202604522816989643863571126408511774020575773849326355529
17868662949815133641650251664564169951681314039489794063656164654594775323230145
36035832232680856136472337680816457276690373943856965228203015358880418155595134
08036145123870584325525813950487109647770743827362571822870567643040184723115825
64559038631337706711263814925317184391478006513737344622240632295356912477148010
13631809664480998822924534523954282708757325363115392661151164907049401641924177
44919250000894727407937229829300578253427884494358459949535231819781361449649779
25294809990982164220748551480576828811558340914896987579052396187875312497268117
99442346410169600118157888474366101927045516370344725523198203365320145614120288
20492176940418377074274389149924303484945446105121267538061583299291707972378807
39501603076544065560175910937056452264798915612180427301226601178345110223008138
04019513835829871495782299408181815140463148193132063213759733367850235654431013
05633127610230549588655605951332351485641757542611227108073263889434409595976835
13741218702534963950440406165465375534916268062929055164415338276068186229467741
49890474919227957072109204378111367127944834964373559808334633295928381401578031
82055197821702739206310971006260383262542900044072533196137796552746439051760940
43008237564115012981796018302808101097878090244173368097771481354343875254613637
5675139915776
