33570832131986724437010877211080384841138028499879725454996241573482158450444042
88204877880943769038844953577426084988557369475990617384115743842473013080704762
36559422361748505091085378276585906423254824947614731965790746560999186007644047
02181660294469121778737965822199901663478093006075022359223201849985636144177185
92540207818507301504509772708485946474363553778150028491588024488630646178598295
60720600134749556178514816801859885571366092248418178770836089511911231748852264
16130683197710667392351007374503755403352531476227943590071651702697594241031955
52989897121800121464177467313494447156256095717965788155641912210293545029975181
33405151709561679510954536494855761506601016891606580117701932742263082805077868
35049549112576654510119670456745939890194205255175384484489909328967646988163155
98247156499819626163275128312787950919807425319340958045456248866438346537988500
27355061539888515066451377592755539882194254397647323998247124381250541175238374
38256744437055019441051006489972341609117978404563794992004873057518455748701444
95123837713962049428798248952982723314063701483740885615619951545766960796405212
69081492656017860944475955604400590500917635471140922553713974258078675543521125
42194784815494784276201170845949274674632985210421075531784918358926690395463649
72145226540571348438804391163448543235863880664531382620659113126623242200783557
73455842257203105186981433767362192830211192876178961468855848600650488763157010
88796219593640826311622273328035603309475642390804499460156797855361018246696101
25392225456724090831538546824093184616696249598340760714160125188954440700881587
47446547695072686780517577469568912124854562611213866674077111396190715309233558
23178662705374393035049022603882479742334799407130280148769298597743778193050348
74974078692809603390629591019923818133855785697819186064725620970816822911615630
09780591970268557268776497670726849604634527631603840938382922775449118578596583
28888332628525056
