18201749040140430273835167914751015293362889506937596103357359437740048438463485
83630323225890240087556899380997503624633755676823836623370775757341590327808006
61159510925225431459520131190103404080998818359755909758354990034632272805431407
56802691525621894771543951403656868707748606069885095036335283528581813088651653
83308905278583428072328006720048490370670497011352104060406453827415425216537317
55956052486289986156878662353950775203146401886343533188313973925170954131279610
59169783805545093120277974213161792712750189234973622853507624924636687588461310
46917043609923823249259893730847779393236169848068566477093271543049100766268240
51630447651079961643432612023559699127503344592385918751762922798791813279729200
90211444842306766331109269166235125509668704478958734853068636529397153443016761
15881344748156786826236789398117102021218979251408614809021518994770421240728268
79642670417838735430802615824488248584318385541831537058370573414877007277315509
97896239330477471263230726484877117521254868468174015562068490713644719481693089
43341853263683580894220071644081931336636240319135557652317382513187533564775901
62072329908428759025487374808018982896582292108502216956634216496117295772452084
90877897945867171915873804061345544603919338281884397538634259920738193259330950
83792382361541130454359929064133079675463722972131407424513586527539429230153283
54145400357402535672324356738689682428065549164673879451990261474688080310551502
81915733287931898181708779241724409277593094799901224641825850183281480975988801
75101690195898881484943008792693868340866208417689616417817068887154422941582445
00555267871487153652141423726928967889027616798109508282682081808453099865813699
10322372338718437892376924042425319226250711104694125177110946650435829229609212
44192747329378174448677594317311029543222678018642234393738458070885585226941701
23876145838848666132368751013008456037859452379254473387849224526823370267756861
91693583794243538309813874806083439394116832472101884074936138517168612519077402
83207457503225536921641703797961439391901950724438854692431678712844025009892492
87693523936985878108698311278880846967517958453511304101996288217376366108866331
20714458623846784948362409208330416268144841565505869827619451490634144640754203
54350742104503199575448055619776385521398747643799095217300605550301730548139483
65919543887943145587864338244346732577534598256057486384111453153953261600485921
55490496363095590187403880545069860151237473584639382355987779291886392614452838
32688446850085344842062348224084107820270500410117274558667297510684843713337753
6
