40767271711094423266286789500920409509472451956754173657558947684464681715260993
35760573444107151272699506752822774733948180230740601797591846375182184850711833
61736251664164410517519097338339215117520766539916892530454359253551143033001122
40094312492366309429025181937703076074631694330891971804062290637324463063370007
44416567669938286554857469801390072534441771558090179451778729471362672524761643
11657173544750835063298126615423451742590678910501960939694243253932685262371296
49381671501429508518532700654319135658688537822432173525578067619513381189044904
67519401818219334987531830757647962920261908430008449755292913056645901666443632
30635189733962082641814411589942597660772151995982735057708073936454748327367842
96681037040447804670653738245607704296033370069548245058222346937754342008266115
59674600927047253158566221505830941697141245012037314920039130513962639114775849
77140621249454142195450216637613256518489790969563634450548740712001870040983342
42171313866643279783121709224161095222080608666106221075196556669546036212033916
21462001575494677385893033194463274467673642242463047177041940432163017557827238
05758609476138764525711025416564914643445750711525210570735967311233845609864121
17728286743021819378916115542964437048959026512685144124956065485652281953670546
88177973609789417407645389716496323541484854217818563837603978755851585432787689
21002915861501695934816532506172838416170359924955393262092860814634511680169434
00175227907739209129141984002670216279803245614932227988255785347373220924269748
84785267057474816334467625787620810890067891283054136957299654378398462021536495
43538938384648886726714533931309276721032688495972987923730283954527670311291003
33696063046099180328138782391367566104347713165495897021159454503241952055937183
81451558926489458659150136314767641366284330250217507579142623844051301540547600
74764987477832018921062055846983835240050310361875399252022744534672023508232133
72999023061199920256689198899908817944610695281886646630824678765305845231339408
01187094879573548838589715793079165752554051895944998446513024872116651980926527
18729137363585914949232762131164610180473289956219253678096978476977261833275992
65650527446129800629718921404375627930737500435684546352140119118622625161732119
55697503602332041212634418183375457137786774758378375817431795701100002782491353
02571311249936268634045964800860288346720693354936031414850872042133572547207626
73897857837928958409382883536405344396217119883289266162616394049286804626796372
65401591753564543019805375186717496191299114752538062408176368901539168051075669
75506594695571129005076573561528430894804850792851608327362749801232434269246305
58985552020642912534528
