93114455909563323212620822935523842211385000146392852680880665340228461197874977
38486425027457502358869192224070601854282313069677327696192972819800133502687778
24022423404756395906567785248155561826937944274833923740390738824148161290823737
95804982053039838243949283270649285841946459867697667168857614250236689134067531
73160686816376978802487328463219047509668339977860013103091202006582822212573361
35929549036550061744409632977209462990688392010483186577025080300505439154842173
05169856616432359752122514898272215915484805189041722557911901997747464695242007
20554334533929795998306380309758581568175747767808573416037399553101862756938232
08522361746650294135982762631493630260440296242118468111690424024695941774984622
20898221861878778069492488621877859553901884626918078384082052915748344219232680
97572330388182785443510987167561043603714026976496991643234882727946893034930041
89224068600900181118538604424551652725042304722435816376266218433390388603467644
46697680454714642533105495121718437880842433259408392515518283298215947261551534
19021080587206831255789592469318482614958289971780135968453541999172319804825678
69955990167995854554369523190165573912977297180517149433490823604959047106378112
47100531464382226958500708701153814523433997672885353215760205754390485462941127
46059324528705794889911366097327837842408297914487446100833281292672395081220322
14799670476779843822277970343325829695026816171414545909246304506930111866504135
92640551901948565586513381352649785679528429371612820500059429109796291093541139
38155615835725184725261537320011637612792872511577014957514040544446891435932711
81671602022147407445873060064270454341879102067171675018670710714987235637425866
27294149762716608186880115736082225081002748188958501301621289985261178515775188
30765699808210050799690729263325546801531732033388950700326386581258406535739168
83039399935205543633951745787466690148089826117117657243257831657490663938781351
38111622757224130323298188625080269796923995929265760811821722920986815944793096
13819378845887005504062980080454982931263057844095335015605560901085789309557111
33879336299254332440191128196520251089959813244850562833458669019574381336018553
19254752734331757456271494570928276754278283402893794286197414868736634945015894
52326456555299092207989539897159116229897820453443610023093448067393361822449388
07418669931703683027377130379084982853098491659259855158405090971105251458954586
62490841164317790133213281480946811236268731814193057964282001891428304552965444
30636135391014264833057489859175075814557545153690230267438362478528865354533267
28082133293522658642331299935796928130018030818480422677538838956965601212138419
15450496738052683893514377525490658659919741524057516680122091081970565674219776
10399501066866905047790975528319865651024297258041732660144536852900931145264372
92440433960407175657685239915448099815850006730551255316627302862473641786008563
60652460585669363601352125848629993134813151134840642754000022532160750838969831
86537197038600844530812855129961656999806766298048435379566637912536913305050741
56414151320627989060040000179137136101782284956220042393073773213059204000566325
53675429494246870396647595250287723049625116023044673449362372358312064330532284
30804315966596945530747958347275872613484527610155939996981333789941474967530765
72214545249782028809681236010544352042918173982949324045843213997500927747289206
25534450599881322336364243967024169348861498489133124901009599434994471612369926
78077242650078001639271044474908463457459497937598679015119446645721418827707873
32308892319710394555706353736788900616352398568174198209109851841035446175481815
15716844356619495228764609558240899121311793715510799677598198040852897062889519
79120293716888863494663833414668459399200715877088995467251119321581363972603324
82343898814170739226439579850193142206959785448094168749960987350969632746340539
74762117663938539091436487598847838394444335921444014090277483423191643099358928
03221765009588111168102476819362455202974255380319230742829679926148366813859299
72546222335925060234676206978067676890857594910151246926089454427102994337686657
60545955803415522670678681328501644736673570317532019749995630074605604602522380
39452210003096238681316881576614319153798518433262477749884767818496708992476954
76647289863894085661155646760184301642424778879265758120778052963325596750282735
20225906783928254655212228431856932137316603033888159579990042452744828693368359
98319316975219363129121867795500132365632333570176561679022652047239320724079154
37555841001651929656271896225468035432161624208383013288008176043752445489964561
52382430151851958929506002633780473764554696282221447635538650943572855336944917
91549108381893926967992798284982003564954786560670456042318575997225876679056600
06500704018219509458973117938900141103236945291639167579196843196491081624912480
11883320657356243550079646580143332549114840333862538989517116162042323995995802
85769079792606252885105983042460632761005576640430370196460776553421105174650580
58795315235754472729840224279105469929954865835973189577796001999607794313526433
69446203657065043118819109594368662689981353851615220125510948485851977628025584
03150969744461974700788701391043101565767960855695355304447648929225287055428243
26882343868748685737882562018708983899422574630100067754165868793580710053909215
44436594646309556968937984851058154304074038523861536936291281441786341061334368
56959215142225465857514478732324771851200313311244253366001551492344681194995880
81480046942630182154398154100290513491341501279670005704427624997845301255410888
00863127177870329199167167607234890051154389847342151223488377798544751424703045
98172492648093213367775662034851402784294629797234578670984340061753877237493206
07209331551423558236391128098154843251759636346798267183062146430491937244685381
75095872833494822221682568874561752909627865825127193607751406276476639678432311
19875219328601988050055939672487117748125359999676532138607308991518810470969215
00545532706600825273588899006473066729110197662897119865915989570612538923014109
55712941074773411849498208134381226856765314680885790667294600600204795573689312
38222516425003749318600913366377782944292999645984304733484223099655026044814026
29942056019613146053399027000684239514840525205181325118182106162763966758912791
81674252192167278085214709064225692538878939374430863454326123868976211077138972
21678455757487325906291803648963169491559711816627244288603055068390497696940514
74503692860332811132673250835067159115434172543541550179457364857476422333499876
54726115604695257760465076245291057266598471065477711239024328652551343053979094
80889468782839002767153958824643426368744855815960295639024132418668276480848578
21540942490539559960754896869324211084713518100137037746424318025500509727748178
87047832805830347364369295442119722629927840888200955401419387226952426564608362
92606913246930302762533638010510476962485400818446393795435246257521651980994833
02601974027253958017067691799039549414194757517547200170457875303358509036719640
01800600288227421470040975621986035186659516051701015229796575137355351245914259
01848139897927677133173356929946118250027301122628368309600366796656769801526369
30481081790714009078235715276501439365863373061932594679503332457414460860816859
52281408900011079429620326229743746695702011005816135903863395154805352552212850
56964197489302956299460337530613813089228339747816460547657031085983446224392652
79334313666419202564908209099426821516744797183226491888898283758180245531699540
89074735279805816511826477297075335861233104998184767623843074589617459575941603
74636842666704885546173600794339275931454073001549138451317136440454969079045465
58342023012518908166333573154503183198780499993463478011954436879279858220657031
41950725656622838954694664750690131240237422077931821423339589045061721525318654
60480753540770957675271305454708683167021545611312808789173033312900923622879321
95995086762813942988338872619529634931584985374953173523111299932681633042076306
81856433821902492694521714783788614818960749723199364566646875619792043437597750
80944020172638195783980975449233452821340327266724592403297246228731550016545841
09366897100258573981354226915312707211637029583435523073887719388235822521973991
21188812507462873501234230504442959733259721320040997470584637072063718328626473
12819659068255417781085529401082967284374482341447471461393386200284802334849300
48861823085542463506338441437575643009897463416330649339568818663783446319496653
72904259523865813796075643222851332021809100100474589133510256124039041332442708
44524554233972188794566753992216360777702825484220909808568310629690043106170098
73788662440643487294339934475841761423064584833841167196530745088098089036504100
97567133280518603580203176829714258147410086470829276028249905727906613516634408
85237000333353807630041432977144906225991404356029295301971964057730175663542733
27991669667569538195578486686068341676311315038362764996385179103397970959991857
01153198312776022869409966006069698796729433133073670691988863667896367239707405
81248656223921289209064324067711391346458459777289168398131065110572949665845828
79030626854572141015492101340264210380297788949266366763908409732717702137484038
05628673952811190812635287534741771118816075936787606041509494029051589541519858
79125136013652366676872214959178039586930293855168643619813589497701632078754772
58682372183825302554330561722507351780057808777840322993164583302822143351811856
52474883243956831883458292664090717251310542283023202613638737166545043121308447
78431696284035594385474430171892724095990495803392836136493699324654982193355063
78270808498759945952623169148849532726791601420223143549255393150487570606581585
97332649881239404039427101476862935386969148503024648159833698041724137174619166
72650297790764595772934626753871876400739860520945950125890697589788931875120732
67107352788457200061845897861250190451480187846396768701887506814620983663918236
98090897525258493023226406965747260059380686776044927232538515874113894145391944
89739858226720729738737122588008137425493682270400671087279122904705953989808469
24900136645501936856572152665651502849751290524706924096126749146770951596654782
64296823980804637335442468731284152733719305116524859660571668659604468834720954
51254656483249694335218590605497830014327716093789479158564907229096609308527405
27224361850263324870097880146517617751012628135015932143424256001683749152150221
43292096834408109682555624314335786678764958351451331690560030714589134198116751
06472215377903480818796923289125280742294193246737383430930815901870471904494658
95594284023081816323108484480160595473513456520802847417352111481405898094746295
90660819110670249181025551156847761893409833368312030550859525537308283294727058
49227659619353364748507695127274213884502092917835509576158448876132696694066971
84137244624108061523595474537549401913436829063220889518888664742856813458980123
18671961368230331843649007849122722898867243016458134187704589865827187499011526
81477101528433935025527238580038320155746274173308432074589904114874563309474649
59143055503950422712401468722273943010722743470173829210489365706192936575013291
88800243434151310648142808441021806777630246458392617385085970067794242626495999
20117074212133880341814566635469217035160727657922405432471195545780183266670517
11735868531938994194235254484252101997594564032802761609063853910556063300517135
89888977830300480104038349925560203571167671240912307065130796821637926351767958
07311622011169432669513914894059054661264409183801914495955833381321620260120525
64867744233464653772653383861392634753585741688801525302207514716521501132103389
83356687861144756678709204848247127103049373788823812705451533237260824314038334
42551260279212304621402000348763629870894652694310515330035850741240586132175930
18664914883439502592893720931662651946350727983573191101710254076422054078660592
19326471414894875294451715486164207403383486022857039666550157020508372487281239
87962010943867736706149011768646462333569874690418577892957676538485818704635152
95024728954405255715515568044393547046567373353698121277710594358244434790271942
656
