36509351991571355577325476690151847548623320424306427636278735252531395269423104
47953141868669927173665161425959823208920152371095670309575526940423049634700569
07362694545798061903938825750300295250583721460464010883097371797684568734289488
03606362474621516086598314512839914836697828978304768855637709215624674384180974
58870975908733658813648891478934439005397618329277088877631482256174915061487694
11913764844757115422862311470710907477692036564295029545560218378242717747900661
98157341271090548605568742851503607883740322396625572262454009497464329833492326
73844264834743942820291113324187052681584785163584369364049307531285110516048371
54816091991817537904295487769624488375476396503471612601750927697971285777600923
65802744326420969695905545053762718317963270761701927522847536258116866681216796
96033236056908484110577825893190262102902963447184421343816152170608424307778814
98158379146289157825017355839213138004743125643590019265456837397476417015135896
61224690649138319432534227360191927226131792255062556874909612876675659023339892
24712054624849214131083079679378986447718177030210234160239963443955819485556007
25927323724066558539989943908426174108014517530441525214872946572617478701450916
89377338500515438602505972001785467363486416427758799080203808492602483730000111
37788012918738087040065333846653811978404615056488621504595031181090063869935897
98294246929886944668058572956881385250633868297245151987943144665526777297669263
92342510349613112235001545877123491221096724741424278402358361787629776495566933
09154450126791891530395556736619879053677478459684582728547100960299199091369881
04542234848227512674599239720573311415434776807072823458802962241777638120853854
21118095008480875007233849457785951172937722713506080294398541265788148689675164
43471097290877989916903937800887488315498907574069064145903844780933899815169988
10460326375435415002016567524472410452602381206227709539215355928635340735156189
49129585891362106178671129267292753274926016949654006888853535988308680647410555
15879625743205146871100565396816439527750442944295615277648369907537567742315361
75044131117739524917542471525488857272458611799221758479605245750407606104352554
26539680555148790479241639290977678723437234936527187198927214118121294912171395
69047632996735098125386579053953542198590370201758042115893635046246119896022004
47785198596692565361483881922990675442650278247361933317988391465076331100604731
52167405969603578811249547915321060788656157345888977709510080143870168179140484
54572278852869165522995783450410370941738056507201176776728834822739532381912889
63044984677879870249676749371881184856891565618065316136726968462955133862269228
37340773501773448773700084175955187024446041369675198561705287978234695928179083
07636689589444848283867105066660816093940589755497662296041439647268903327420502
25300284446768843952122680681786030359642243319764104427144090582302509887039733
32867412886878232757880420825980825220108240243962103309084764366082815942052590
45125024496624290763465216365202429523869140883699427723264918650905885248953832
29236195665823208012278636604155273553707420634157498735879535185066745319116167
06035271675962519958407282778520241472436337842478037528698706792980437069289608
45240744177979976189567988439091592211244544065284990393598582822964141216222570
12750618977459383932840296825703402742391184187087852888060381649247856393062032
23837710207496617550036534775729042919839419200832792807959142848229386823476966
69926235173656755544287946424830437423580942741394532344255783042236935275141669
70575796145280959600875773292202755505895458642976736145611025304327407753393684
26235900897641011401411915684519318557714087097066177584369048249832864776475878
05125517562115066286174579883196709006638592806634330886248066283515429426317786
04875506463611365024483938321925632888289037278019956555328439470539980498541716
95665917340783372826193225692006811638694654142150952903853957149686327483818746
50479188351877953378746425732672410210482019895213319168691356595432594319578787
78484637867019698254095936413644637926323887625234879296699608791533235827000118
99581920991674786028574624841811443880639120224642705414377695466922036793606577
51901629651005671198990814851605685319706365240110168989810778633886441314823612
49192013349064311800151868575739967518209087018705334905919899591697823565755609
67089300665436756389564382286426524050568789076009940577597066034470574032061981
50139357778445866422448998343001701211871958409226335853395173227988105434975637
65071827464704732153836984732720020278509496376581241734625400920625473565313788
27339534808659660878154055797889254964493975290490076240653284530498779330069911
04999475953863389204510529974026156803873249460611926097616904128356518532356822
39384275935629317136403902860763325417097530880596581463401516207044590356925906
85045435189018316202408335877065164627911197617204496246140279829795547709292892
66681370772572403657108333925579391912575227666533492524994086884362205956272563
16393715685778635172337326174600625932236605010199146866167142482941228841380173
20931142087061671785927451264211683282999083586464411050437427750673824995424328
10847302750526036972076997585253894064688455509581185941413907225778862374939607
23671820106350049195644311639926792690492581381042355419395449367206628367384416
18076419667711478231684838849235488024488985845598525452145647143636759585109725
49614582572688523919316663756673147400999594713504840460609675180823637038850718
91672944963261007097189642310846407199907823339277978291477375303650833724318739
51921950269240342983457333774152190633496685140206758129791085300804970160550623
15371844226429867572486589562169815592224893886234324834875396816159692439820838
24991379256377465725750186760912804478384471992012529796475035806451325798232694
10324301867630214111428426012380787171566480162599748957301147768977494650530137
21559159142558371419849386403985583209957866056736591286925595256762477321606878
63112052592002367994724814317627396784894642551966024253483895821282867866075768
38607712528362926194336288947326320916165180826701936197199345322011811405744366
08616068642017594030310090101855386416522585375568026086060656687004515832495316
21051251250161886762990664477344227489685564484623999413508833837670880288935662
72473534862734655004987929478364436875899119738944504997485395855896754667044510
92564408914904389904074938540760227808206027370631954857377507103307545609138695
90755910265806165365714767771875980651638527930070279560483645330582690927896422
22417314300317601931344915538564809481788004212562705550066720988292432124682437
99915777942901453597046093831577306018160690163256038459719411593088068826450946
94638336712011994310461639224604890706521491851300817954418126517564013660425807
47947079959516606460759208285536119711820609749499050921343172300345535243125334
39515130549455555340556407747710803099410055880963530166336141840913635284980923
35435366420021685656401586974691450273007860763817601174087554393095781039547860
22737857717108743096251691136491734904534866015595022947754018610414673097155747
84086140856670766027590131100684547808552893056953231660154326078270885400617871
81644752768215242016245618632299936976337823171236429044154133603783608921933388
25395709297052823326709792851435316742044444383722590822111993626791378146416151
08178038338387038454537233028462101252594918313582782373065665178220487591848188
46827982317733762663354467636854975423714549929947412119829767154335977845302381
11740178218035975407080231947945438190500411982566475104146096985375043776036139
11267225899431882742163259160235350697392597807717396922682581260349315572163097
47054933306117946076031816995455362639211970658989644172910918602874928897741182
78212901336392565725600466332777247112532407649894599131148990312866837146507143
81844747615533274820629189475084419178010695754909232167979288416193521144728905
67481701882381743267448265746066714848024520610193406208224570963041022095885011
33647934540811449974135676271676202552441753989484316765281505503717234214327739
99545444036224863297874382617346276301119629581337139257882263276821673840686071
77091340551174537051905312595065324593339792746452926826060294416782445331475187
43338731665796168746945864694356299070392618141503647699628778526226812564762943
13023907765118835954114620081238653534706078417927677675288361138076252863159792
42050539380529102782834515832209919025600190919636086909532439289965211099605609
88151927723477428234335655463771233960999269520990813210397169476981663865851764
54580825577562981849932738660861634335409682804963029750665123100947992929472959
70791913824167630541157460007156255354697119557165613043825180727161031325399570
89943481949713910088977187360385654705860063580491692113062172870630416826143220
63400361893996010474669184865441285325683976718202113062499539330662229585914802
53010070592849432399702726537501401514146993871140431871603611010956234715357390
93811737026098130958943272906017080629592100529142382916766491885266149863008108
60075568896841789051005702310529869979018301843599978691239725162295733503529820
93507895291564431057175886289589156050792739904630970364746422457987553868963364
74223310197238506084287501030757014243054420003374463753352544132437144345856135
55164374864200298287090613823356638702093646223262503945113231107670877048227445
97071639933655603698432232066524028565338285459236418558550970760737018568497062
70298503601033346134202290774772404662953856554632634026824085262447085697632241
72325913214638684704880341351638192751018602918000664561662737002418471842557934
40820046459497649776818180427272875384226947183752792916549036503687364815558610
88831521589152838884998367199813471617084231448603943831224652777892685287099921
56890543308843068193564433285972314726250512599759699383386560975219304187256335
45308454957035540745626704410424468772772945059310815923773615644873593817506850
81226432859109139002629942806460700795868553494474109158148095471605207103446279
39731948075527971878530792973659883763546038132863185953760081801943975951552493
84398523947849083096817619559465483944947853509464044542668649124225656906946691
11997170869984791915699147927597015420711510410606464353062270721028193895470454
49879227100241187774019185797571638965347643146609600183489826816201677384712358
44837024727697194861723179489030989761836573616589466649075712327400901616526927
34060380586037008603960311530733824426397804966628578173204283610613475827789826
29101425790962640617021926135328527103762125522045168937937208125086193303260660
13003138651229198588551683862895778676159061994635948489106511725085286072689320
22339896389861584369299510576340676398488645181326561297244364631880040077397304
87722546245839937139965391341870599038720032809551300075398388123429918616326387
35666552001527909834470218663207807195296100777221419123250025545934925071618328
32315290620424902777239577404680814559572866050490286035771205955252332017559434
47817858205710316603798709867675873980135620859999650901756189822033602918540076
58361144190908503974847024110656189452212142530546299922143822749429155373471945
05429876081635620373088830838067258586735982853873172690193545501963449551140011
63795154189255558038944966615107165154767497844361099714226516883715316057389490
28721933277419106285610111105916086366916461092490744365941625691874267477439034
99437725748720617515046258533586744159593289764379002855323520260861782918264094
63915900224409565436276998950323789828909000523524168957955059473120249255897587
78140850999671714557027916822951738472587997420130688192830964735607747427624224
97098295816801446157708557978146668331047968267168207393227543063986471944998172
89654942484937717004594815416413961501578723867146304122076834676425610321914561
69696587790805936852749010193477037574588541667384596894402701385843254958156950
35514345143195381156925036113911220001475219883133940142603202540283655903942604
15779793158004344255246588339468590666485649867921043186322274767594855811759905
65615764518053179079071105916706131099195489155839337473272951972568905557347391
81968835214357836701786030503180245589645542302275517252055029409264335353858213
46095580376258268109350648904625130297073955718274619940066448721475152835546098
32086283926425821845797365367126483561617673322978742785686030636372018916363695
72491943965511390530075302613733130133458268888092748726676846031157691061274436
09050318716637928211451615928043853937678635912788578537474997447871987086758822
11643173226044628859442384679482040278664829180456317642941072184610996095256957
01171940678469895498775688788937116129907063769990368128801982051503814739758696
75692378127501022767846557659626642371027685844798583010079012405822932710880428
99742913239347885608073147584024212560432385381058507934645009618057820112432177
75143102060868443587221311431058864905103046152204813039471368045787083231965368
77392786069602016296092934427670835468869207790970558283758530036902709867530081
92887709449323013487829635367185783465138780165664650235672288784606245750051678
22783773240675904204032665409626925302027848821885924834218111411262753714236761
59769893989266062267504571127914062326734461821137087809942089914578814026633368
49857165189010734297656403674648650283755759747169170554362197791213802782488154
19704291876214570764600229385415565994534935235485230223861863666168333269969781
83549215976027847675020597416264901871805526405841364548640910123180454430298799
28169344527851646375474911775901976839397348504449716852428315795698276349780070
08369813845698795583299228795947364995804399245808483862991864347630099001387710
02335951226551947563227562725631221053349998672923527278809771706056243146667540
17339240331407170073502688274587207009434873431641625986498926846109390125573017
96881023028677968445465679814596647207263298440904118983261536160781862704311115
09392016794278248851436593652872274890402340123560593239567328623989042247800453
79892540087546515202569361469723004995631975741837083974543112964677908404074858
29969444466190173174206745772149184945172606818506767271347801198961444583843085
48788737658873493536282017928666561766567282018378663029947648884444778412446219
32386304230288375921812616478465186585499663122814009867657599753080113104636628
92901645071261329209679540380276273007565309247636865309695176472258840621430551
37484128739439264281351709292366582919497194244095758002363875166679152893767086
46257524659957996070877441736063537719499627336343818090936202963711695085094264
14765125243545261327583996613907576803331433850473919203241488869263199213078458
99094914085443283297501037163555614874990371376041982716908887908407272645100654
22332581562027003078837514704164181067126458364429650320556000176123693596606688
34610643910191360167747265455692860139986048773316272753124440505374509876304601
18862977155968834559425011848233599737674100449441084976516588651164572994652901
61458406501229547908218432302546061255448757634498557421744365296564768265398207
25193626133903135961430875909095605630331899411850283881524731183954000894174301
84797285102083117463215975700327364170708992879347714715296123568967608703772287
18876299498453292729045308890145187512613125630459640514248048758400391221549337
53385542017833408245482559115650972541519826831480841661827757962361444481894463
65471045432472793055229181152512209573486901526457423122871557030313793549158558
33614968509401227748759413545000284288064911523703378981065509920666505702732433
01919905563791257612379830223542401059292135218012180755381300270118900698466141
37027797552820251972202941847926743131919947587064854434273443608859119697965353
45940941175011554051107293488831690863297912826111484553193383745599486041138961
09609096625007459933941035250086440189600406210585974154078666339657517602860926
84497200994279685040980779304914120211092159988482415353150078016417676623178872
19574801303574113782256541297833245461032241714875094696281424354698002377181451
60724016931083817051125403317875416481917001234953340891778861942292297982150521
55501794745695914044057367997428343314444909104231553699421048920116518955487020
40731637553055634050044551307774969306598535326273219202543859715457228821355247
83611370716060782121127375225743561398979926989401551029320832752801855027991040
06132877936840667570995490394964909159699836429806884062616937536217536983092993
46178269362579988260436364878106216546752275349996440374679277933350973730095228
07805751365411545552580875284047435341375518730062505166250339483082193989061386
24257481830463685540197938552657853780234559296947105822141805666186945766006186
49313556399162010606275316915334900005962478870588444876180879868483181654003804
35043810216884032349046845947099415196122624211677892273162778409334433630750260
53803342412237411356794109317744340780960057040495896559334198209154857928044326
64441392263171504950661295244945929415494316897787410287046665673936760439207321
64739196188802508052844872643844827079865690563692654391051382082104150370069461
83643901680230054888862505385226306758397739606189083579130447428889319391260856
46953408565785259708138293822323638497167084802050386954945043675317313273187497
15439084894186299733066823768685975529478245372681979412646038239011008629746182
84218930946393394296016277266755391471196310043998708526461764202181030834173046
98088471732860514956494476707762313105752802750086885925019400312294800319404687
26030066881789203439367907060273076116521162515882606888007583708927201659697414
09069207354372673907242087016248331333593733599978458038572000993075346359571273
12056866184734428457307918709981030453229025792511376861672413818050590858940032
19297397942784536119237180136842932979155513963100073869230836066244983775944241
18712953404715499220644130951209716474059365961473613789417098853628055904692517
35199310251025202509241826588121562473663575552109623275280189657553691966464346
15664923051248354538564523405159591949810656008420816309275082096390991199588576
91002154718293951023605350117565753618138562182855282087385578110972281288725048
88320912087478801110509753996264758176854475025711426329648229656057025350796860
46674426251633093576543492886779621531324360221815192881716359404039014830103568
28738160994068008307100689577895913928141766466174750022463697821901793191942889
97455576568577082482262816225563370977327010842078198086490046169931620484994271
21344036576932233060487844460177393747808482744802617604044199435647935953998045
59253712858812145298091959620680457086231031772054418139722103351717591392501424
09203856465956726963097666488956685537237846541650735702828270274453488350483197
95149322256719251930146346253994346739386330057925644340990965634792813916731306
82615327896600462020709088808315146245474475580917467641847442508092943158941341
49876894843096741947146533525695377313589841313986685855207610468503410964432017
81041769781134926767775351744999795886750480594277458629910309572221778488356299
87723167609508688058461047770344877208977420818761203114728594862894639933959093
01538093629803770150892705311214670485041156279228531233892856302087589402958199
51607876830112568176207603102240410566315270278079296643269025609106766487833524
17280369214862215472740324411917383560075081221733983206768433902403861004157993
94239226842950759172831125815920306003133417316554141903672933003236566399571663
47528123189082619574437220794540951940727394416616043392990491784679754521585467
77062097236769813301209189916704654463642317705006744217221349360611306049801450
25692371269475160996168196540998436894128871932173324336782194539730413013662457
19601948371097556059957525916775759071885293127053028729800148447690174648168231
03353835475679189082826330976114886782064718183140533865585960671595830438959595
39384651468956909853105642188678579975148130064952094752892572938314406663628793
59882879917127374112929850741371922180929559431682662907130796228750417425900239
82810233920274002358771163081631573718768856244399287390673886094006117928594896
99486649926642999640103683710612515633790696240415242328611964837763955284144758
51246016292167702566273784821924406895624259538022166855382361738427530085220792
24948872484078333902350319811648033343698803213988355252409739120623111700790344
87566835282763423347519452474192521527767888826702324374392164412324768744422956
56464785835960727791013843448387029658290187084924004132779097719204586210139205
60675724791917396296011272099527450228467611991996360235988671306116067406807900
29877054184948710928638586914527066860477431110212498496541001622322722157523573
73365817096563808268847568308461008199813184470489575811550772435054732694586000
08818906591351959147078855294495431252281967993130054531961281095320044913558194
69513264572587806935527030430949949891022271985898823221324622376759987693657209
53734388588726261983887745855560438311005041460307613072159408127089938295217914
74298811141443457926774664702901985297101694600353489632045230449186077157130826
73207283102149120017095251620981394885823941999413829971784662826147830891818342
71902457114269462692367955282565735603333949358957028314617787125489883674146939
32038508741157183238554017982953444390172394620624266225001452698680536347480988
49694481583876351368505644666331780344318148255835417140643649586243024848896686
13165120962300770156098266099746997640526872865373053906888312803587023736528287
06445217811848735206442244519792566953605205471783713410516892857192978201253387
91243910440188078274422793209456544492496970886236196957182975513788437603736649
54467493839764366245114894899615971650040292545152693778490302149494892607140007
50558021130029000917962941143720250819707365527781247285801779222442922934003043
06154686070140017859792491244399634215563228870222459083171322318635957644327085
13111246860084915600614215614389313830229011163098234452426127017016631678461009
03453839282180610629263231298579788503616865381326821984016041549234878331001086
38784243904059916274640869377074984235365376259554464636670415536721354297079841
17497287606710098787511058984928889859184431586702168814000247394725304753342817
26659281132992627869682263494756659763873271578976308813093631614833206045544639
20730438036609771211066755786849496212967391078251071638242771060237090903620342
47997159203630338267803590094242472736108819175001173589913959297563891083444619
29410778217970408120146482497090942657575862620177192503843407077244792912738974
69664983461592329870536000208549781606274687066140371940735369115512015627934328
46788995652923817892699849650153438971552704574520675903547286947490520540269938
65084241742717583986363693696759869062204658595733800959726322198253736535118819
37494986729113850638112413336101514967771895818357227906997770254644695771653520
23648833931931311523994043511954242958598854669539547884597427944490527719124421
65879656111193999336964135612797829843743723039255672054355488660458642505150802
03926664548305209295724966522766105352087743591665213925942927473206209947722711
61794985769491659050304291975267719397317513567110677893496934321943473839787751
47137842366854286778089108585780470694962312827139552139583945802268450487706500
14401109913358094627658187959148325688345935263456733079700437771810860669467690
89194475651522056062495725716315252773837468346641085998558895187304055182889457
83787465515185975066949084272540359782642367462265584835556842196587566910654341
31131849067465393233296165030320072298742163571542009384925778716630431593066678
12494863973475246064091671435431641543833883955002764258071163216065439840628449
28481780430651058742752821075789594326078121166116186494948310430422778304674887
76498106246797217621695341921153476404654240565116874580393255127025021928213626
93794673257177395710528748803438428317913943758398723438414115809545752843227780
98925360305390775955968794448457134209945385602700963772511200219509407996873861
15508743988824803482232528624926677959654109941194583058634426749719969317469314
65018918628857572116854377700909614738778874298911888467099446311183705739052038
69107569145063020186969697419288624896773379144384805543389409666184661746900974
74904446223523482919730693533977594661262694570496870534611175557353066458355800
54613601345017692929138443518149853046464302112016454235846771361560016145918506
11950060360917293079634904054103505885512488454162907707746257403078976510703175
86305964641717512859586642309434243342417706157133241762052415215346253665543239
10116148675617181249509136320312756043415249241385685111139670432335735903191527
71739389334539348386289666096860521315152773717216713776940729899939279545810390
45900801092473291610717610766434960853402495150345244029886913245100911111737766
13432732225339731612243545276225208991158157098600176522018231943760107423287842
31000179673401111575276520440477502004981777877398781900458662587386831294911383
99131335941866839601616515726500261988685619846818179511986187261381792020642927
66989321016062932563389996502122730534522622092343282129346066057150810731080016
50050165018890006030859986465684334860610902587156156402515255453154196138176028
50960646236241187919041331585572907081089000771730501338252389634865454814840222
77117170872569362497142666176681743794069583975408866333788218505935181791523991
83049025404351586312658589489328601845641620551652728735221436331831962468239362
85354547278321900836738921442102546355669073989918700263109404090372873323201585
83111134257963203658994893574642566054296542310164518153128502605134388694263202
89326671474201031530938111908892041048047623527421040311073911133900470479725444
17704424351062880593337281908031850786840505235221885806434884181106196494738383
09416576288229918002217205249565805598075068127490127283204439247097920978676692
02904004250544933224753417621239889000478273231807270888254216720938263429599689
18812113628248946615265736883602905509502456356495423020530636091642350086154816
35665600708469322671693151581768994951867367923761203541333552476257090160061408
05940040841178527283066889470541511248791731692066406402902213373318910675532773
95831140675760286171432755317767391238607076862702788472267155803456590249375435
93990295588663182399920506995936204780485584352435342943429060060729114076009733
47036580101594152308102407997977500248193748147310882004356318398152635912197322
84225320807863115052855945832433724817892204124492709494825283130389725801618646
78513627498464872499468345711060867349170469113056999984477754532532366908232095
17041432078815283997553694534387021123727991276526563581538092424410333810531729
19726320347915785460045951701896142948074114028645980115618226709487311727031992
56001204967402319859942390155153203137283101345928573578954939288384924163705295
92751170068657662169563631855329725052927871931201341591738585953542742212968796
48057361622007038472295610116271120810657855742620931365077409518541948303383066
03126856824547339576088392866212268964783590878102165111602850523754449794618916
6167773680312355368456792058999394636982074509373478349965353031827456
