14414583617730395631494639872984113599937485885169825752543259342214226303257516
63786135906432238206548276594785547963513683812292627250922109070755088118925441
53269600128074208445822218956761313704076923246192695586647929823774946407153099
48764427226283728401856560171148200910122072664557833032613247146668160949229865
70837214398271756067393695947548714815279150284316938598389173534175301398668392
45640810574299005227319442376062774113243335979877250814730429011242009543269995
85003471910862198018524921898916752963930551663514995097900674434843820308705598
12639818026908380092481952186530544464703740420205500254821363399045902696692714
06697910660675443996356483729942414191537034372717394224989654090996853640909018
83649867639489746215192105105942600411697776813307421884990069691377365102311641
64763453970567693038963942804507831105129489830979956972491204474907056352747813
11730614295473741665106416390845229091722281305680374326717646116041035773345103
51325830227045304450342775704848139524476865818336413145280197836490683606894613
92273701927278117877479537536053871120165303797762731588960682156581116533829050
38666504961400745985520435815252383564098000663665245962133105479077846090247908
68086562471654616822050397768728464377376657911140542054131528417070808919087214
81915670117836421861194723309560948544854426868304966266969706005879017768177764
69410961065434830695857403877443516097613427083135891579497890241799868022029145
78036017882459589812292481326358496371880738470391677610891032924385304102743388
76636780579686543235464443380242644365285959735037140403281488555542158948435094
87358373032014757641653034500953094012230811410978114269749285989436314121952786
29325386366734529160519727966188006784924030172006231275980638154672531270468632
16955825677277693401363332648999817472698298246960865996799593555335754780381629
96653981062330040189291057577521001152732766874068003959824706332135840382370330
39049031268796146653339248443755555872094519804647556393016419719455035822773856
56461108682634874253709898133064858613973842169786403495905603405918903161984358
76705022821273388590780351385433863347239165287154988913322440118796111516234562
30048510047480138808192993223111038601251141008081784057458858038565413042720152
94485538453766343135327431213513034040810482641012906907955828887805821153961656
92168476356979654497676768657267984186434196127971020080922384941804201597598304
98219319624485541827348216194397455514859416522048634635549283539093891341322439
22839846262836112995700229962335696186890777134706045988144134077386892674435345
84347880734434928317125008218138281231006417573884665755525401335127922769862811
80425116732457038239437304711930850738920944160232552300808833364727792708450213
52278227194069285702904909228965254827985582982168828303186161044356965548391568
33495761775596095421677943018544329859139885579048795262391486296570313512076740
56125392818187450857174332022219837452987588456926165544325244170164070704296197
95032896518914740206515412748523860035012755930416334075784462641296615660711286
69514046397680216525797325994460523543905783837152188629591173319758891572350216
66085078616692133593006293480852573659964580865975849150160425344224341165736499
08533105257172292753559421767705754316102805701676496888223036660917027210322402
27676070348808583934968369610688460041543074680739004738487773726699269236317465
66200000653107889603522926142635522386173340505412404239460312125766811734925255
82538624592493816646675240434699195391926918602208532078588295585599822123995288
22993546980739109944250595394483213861797421539252165028759698935597775894542268
95467158935538525329526684278457765330513209226727774075368923865692830621651171
57177134045429503100039785720117402295150878191021926283657803719467895307817402
58426561985283616373216410983836448363742161264732216999561432589364357020158141
64760869250080924473037144665377794764499953352744591364189280890266336843847372
39444764034677828845000226399700978932456667897524258471271654758380714308446054
37809014059836244148766077936486669163268192183527861057888114975093935230409121
45486784341708098983270272945708439045640562132996718878256598534911506777739763
36518577480752334071061895466350128606422778861178105923589785599869741786313130
12140598125922653970466823284514064812208639414978112097109790871215152146494242
07568532483769395744386343447563824011723651494898705796739284567192282378863770
83841345575852225176839135208470319100454015578604616159806927494704669865790936
03106616927701857301677158443011783972898663355320365209954590152652717906720874
76828799092096231572947204954449648704745800481872510414001162987393577202038557
42015999861529110517390200520633708640663252608317707841152374882238040936951329
86505723125957277167984579913565362289019307260892555959807924004378545929805021
14202730737749197414709786807175213935119578593741579934702013144376939513791652
80400258800461558707781620692755357522345041797199162744839685670117812518584274
01565181452335683368083221707793883905612965021745164960177696267901849741209137
95574393323170439812423204757329013410631677941137633633663336214577164656923871
49676473248568218541604394642386410787346553609241271159330392670771513517757101
12918616696330681716979396713660034697250639432333754646939170320918207456653896
24971844908144840166414579786480858557773743955791389758870625118186517349362597
29961898476331052978177238592175465458354645987360063455401867432869566876963918
01914374420877626238268421388193543954152662802827777211263710241921569044845327
85697087578354225430225406644410801908807638928330563101571957094831335734800799
55733871017700682273348764549489578662082695831057092980940565924254449618393592
17839383655991743742809284445875801672675834869140571499397929636666491584307728
97986651809551090214071947209731516670527507457345723063266330241505372088315015
27864572691431995463112163231030604352012061309595243865940954709697930811656807
31670028005718158844424643814070047556520805936256835804393934425644846073579707
60067849251535778244724454386124910565984647823180262665747379696394527775834203
69821057316648397192841537384677084849445336818874355527981672127806308798204982
92328140889586091627570202148512858528916220869521992573555987259701986935445885
23866452723726021328457402876481858085468169711212598314655834851078523567436817
45256462017727780888086882726333275394026111461060745046156692743053632450136858
51441210226984503685474029748543324519384558347251382268686886912533494884187769
17288796841391018812301126687494228506007821465184699273091507851518201101376588
32147492391289172123580837746727797776885942194153771509435785251404141153483214
42053005449853178815319744363660746155376961033863306599590603128147757625032871
38368597812746836485315352995321241051889490955440727451901032373754415584021687
65858139903924708935209938128733781189542169889979531919707355955902545972300836
10984505705097067909486582448044991137318392774901191041251889504792445969551116
17409552788131669225364736292521365614062773633237659732884613912616392983838559
25544483488614373058498751462597329898802081457509322232036445857400230696161733
42698794367124437803689760418663021746627018776053866715406473632640870875726855
59328539655031012639994701911822944267361688118931108949268577129212419351521468
30975065054195058451795094322610296281559228639732425202417452143630733416526680
31461020880783889500802666596545963360951066705946983815650102987210341466056629
85362924614975329366224948471835118445462733631016794850861066434705819510367546
17662242438360467033696526371810920506773921182151260193003298718106934983348697
20221734031661044274076319966922400367356265256991570607919152160826704763169755
64459430547472183118510252003848452440081173797981541000066315751862406375266138
87515112805037021396787780450397094857290084422893018805271116533778588357894043
59664512624588381612819666949774848427406621331640865798171643187766476499718303
76234681777974453689847771659109192035967400024211818775126980877731149615654631
29140023943670166055573132916633187546451625690834217898995432530073275377918956
29134994368130580596173184482850513129214679524986672529021863341680594749941613
29293340681717759649030806236113149002453886071352849430214535662782314466181446
92777261666877678330083103279435242154591105341392910374630293706524101350223123
97509449041466077434603775026741507526312313999300846213490944355952594610684981
32351324980778272855781669250245016812434962374667264849588292779532598561095865
70437353483740738077943006749097165029601837700461073756728984188538564098534211
97877578199452056788214625255269512365177492908276670636831707769302883009890693
39933817066110044455114853121645245244878942040791975527636857654384804613195490
73450742351141802241145759608811752574303246927769110143197736097116076905130353
42427902777697274733793429012360295621166738160679827313673839000678760107505532
21613121391038340909521016418537673844716047655477158512429283676689182825386573
09995771599001654904159782990041293260183830268141776407683174189635448401629244
08265958947729592666823132833985129393294821883731909842688808390607141061639245
91677978988183496845142520592464976074928003935945566750012826168237938282753799
41037425221038187601758825550791934638837105263750136955337358042502165522794902
40157523388385650213178722406223041165935874527389963335438644877997306808374836
91862477589741186783101491452803190855939672427926383455273112981393853314174713
98056674064401599988294710971174495551434803127774159623958125178090804557154600
68503637988389146335276926394168712782745195959151549324325859241636566820944247
27625713106353049622503908414632530763257309833568345301849451865167645071551512
44925883114052322251960926062883896869715829552460924282770233865660538394943409
16297234885188949399716396469325549147402046688835884741213176928885748514425431
11878820342359935666388127940089084557401560457047657236831493395385129016042394
05513149970582388073483983975702597902839484399053301972525364944331386058578082
83161194543094078996785406174304957104734505448471365412498058566723752612933496
02319790155196312283788173638091228946660138481505562577192063530018090963923695
05675414468292400724982659005974189629055635555982057027966504760476472272324804
31464469056404893986488313289728012464088857065691228833364388240352132935016226
66050872108983370842553592672559399295098286105259156718335926057017976033589980
01128225192284832142163754532990362918604747496414287801638758537437310777059095
69351172544532169513687059302616363861584010048639303723656969501560234323667331
09652679850962848086823068154914425683944283127892816434931214264133529688442876
33759844776985696096423739657124199518409433885601600636498648868594573906212515
76356753406987986224817908355684561044001299114923916376109557721936235891989248
03765004239571600481213525038245241904950843491418519974708921571255126892173248
61503038919238105313292280883791696979000084224656199357144299993691115154819769
97078575690398892709975259519711304667251995740637908144247732770139844420577911
07111020722552073356106607290513132870032317367358839112514695171265623051757817
01925429056300593409726803662814721696218056497613411922322536854111035767468165
54736166636905664759759324206036462244988038003276945232322846751120045830532087
94070821277583257196875604321259722512921006874467077643917380591352109868720330
91299753570699495638707546096864517974672255316577867709092571799176527008289212
66944073047177237648463297793693503584088408762792083543586637128510707480728889
59845709036435897999868939252135391326310975419355519414110598753071545258394608
83658278049144179259119160511281564495477947461107793384873236141475811405526095
59863024717686261985517906189779809413721662730590545445461516187949653134067184
45167261171281059627335257947513737457553547052837996402640331411987357658230127
14241605454701792751304344221450773579015742714084679317032459958069038842257352
69815383504935997321850950493115886388307038228470229516527195307670196849529875
77309435438235519585514555500802451307383320694642045056177921848191777489893137
42847087174904176083825051811121289708395705199472226778318738528873553708836278
52110792506834770065373520607641754474554443107010527954674629995367489511331293
57013691934595576128970092056786646535478348647114548076963651488463181082428571
23415058392446137910201508733617286958733482800429908833499258412981815388647485
57824075275225434065652781448418152993285704115155819401590879639140641678968215
75726445744145391648927733709307794871008968860306410444607907869182670029044221
74342924931038501725323816524035036943175673103397438573843979283721929810659802
17085877485838926932729226004075624701806975883015968728961262063570989824070937
09975815851808933893288853802889276219330925065161497577635143691337352414181186
53868324324267016393472338242959545273322165720192856029198926140199673935338546
39936250154887040137258554090184481498181542244687853788748731796323559015812668
61384181864399053449533463178033449271057524890045018856275289461259389887092637
53549534615694737147883102654928409480043490261092366149277752028135833798715561
16711287370862518752127102629829410654042314378149264299573502251843788200682923
38547234525885101589334174725961347603656462594794219622518194738685526675128081
28880931784787068954411633278866856726153922662914482629161445181807257236529532
50539652981582453739454752107759407483239601519291166053536286644616045501772726
12618485085289627512704405577185600042242898368251988750909286413940411507816891
41975874892062273916498409750022662680178622010884864997070145421721536045321922
21869804046050645971265174025992048569508521035498141695760352489971508532386503
68532501434258292320502820943952171160781089322071336661614863159614649761353748
25926354941469340614730281622896306746708867849811427340320809647188781713479411
32582022893411192838728148392818277156843291180026803047471514564203863331730134
96015429260384745669049138855944153300627016542950516061317279560563332320555656
50339016910812317636155802147494478368799489744561231193979288250423723694636699
94906017797594609283356818389644895291089160281430447188297583072462639259426949
58329857299128377583268552109379227371163290710717338502305859384370216757684997
78139486878996533379794216985016158572740919708390623372680094046701275462709891
06003837906258722685173413456731338558348129466247462196646011238905632498631952
14780541895734282165008920395040249509890951037815744609044238025628290543770506
60141568906170749463504792694338071137986693048443960419302444904327744151472281
27915080489391341513585041038414164537153993588907400688267157970859976813447915
08888427129015895808329362693719955025455259256141501707165543757678836268811629
05210746818907077923135281518984108263543311687763085874508756677683404175727986
48348143484352223221495117602051188282319394537056347893176967569504412513180211
14301950761379104173516776032097927062490802762916524712527878382524564923842920
97873180117183733185210116696215308038148976687596175414267827357823068973922602
00971267339189998858514135096501208553224689278041155856682717286601877369317037
48974324778833966294650106546640624557662646296463081189888996386567315674221056
64248259703273055570904594144471648781369303318288466485416922436598630272071025
88133384455595619087310066570069445880433241318921479741554782648452491830360266
07117642343596956417045755767467674816505328144066701633728820132206973191366202
71477931731246603647915145365100700074394346387220741734713057959247419608193597
09865930665580021774229026126692297659694337582774869602494331412576116641025594
45987356755773105552439244722267447580008249424501802203411484231476188003366168
34686086789977208395315527927272938071984851029747054583303441452606596102066210
69675577543125477410910371267736972482621082744497002230015151855100267164699817
68921563236042684683147174579500075202317525502243311913643716813624307095464281
89569163735751791465926419801929360827491588428730015610868437611266977209417416
04666604467061587751154974098392478894816472804997919216713193119680417919990750
07504723790824989138901540955474763574949724238706905975422004633153988004918000
30276930644415088434578427803969547743533904175391225416144609732620076164222689
84777513538673405183677763329520521082208675146389803763203206349981963611273779
13687485596507289387234198388043000281570811069148968390822145189852013469452974
17464176480143499207702222761645734501826428528091488376233768013711093320289688
00976418876628014591529800579946614375589885619008432341914101263870741865024386
96513433538282373301577663473316837944484649213756702150740076627315182086997552
51688195372303884177502614127725304271215350564602453647768561073215624561666822
05904282762850840167244466938936777216550366230077018187293199304130213663701869
08764259747157104459183553475651839001705745374024224952281251450620887217446930
38604854334976428340906817390231682726309947319286616071789040667379147389418343
73671557472129987628779677441487937570057981525445394631701009446424740264369341
36935399359300103471436066914776511603984684574937925800118088357164600556431086
09434255097855653135375359945773262793909410101461995291984326471876076606247467
29264370177869350922428208091289328682477758802386845059504105807867415981642717
72612554787094054416824714981951833877934348373153991703557834109072662548007945
17354973054898067709636921580914286954570181438500884234118740691347512911015652
05749365015764494224265184196327454447157676977997458227592546734428754646836055
40747361035327802101361833965225346449816199605145344905073889897186138397442606
11047361706439622543837996704581231658245116466870641894839865535205115233325194
03937503211128786897472933023594416572832640242237722435937239501400774852510539
70316063471027343243685365583562273420905807891544388547633506558377370630756719
96035772400557004284356499588602279177267324732566083425225896783927123520352884
71557834437297524759417871404696864299243238270093203233712259920414049577611172
35521691788013207300565876470072853630324405048980778212395842924587404234541303
28387688334216917396447948421295974980839610288426349518869494300033080073945438
86271262435301196342091009984347823362831626978440445136045612726496335522053675
17322191838791339222378723646302549724711678971433436130688933249789633910643898
60012903523366448087642294700156249785341416478917680905461388533320720235286647
40432630534854146250213823198459627616953614555874238684476656369463584318524532
37173304698201358421269053697095729930384749018552246441457163960044555633504733
38028318155972391978750486613996110114720896710867818738678086559187284730181288
20145358004204779074162523715657863756861264230365208341969430175605525239467233
28971767619218329536556149844955975762207989795107502961700382213805069629245919
06676484238360422255800425581657233172237759686573939651480394323410951773789662
67301682712522148501410832191127998074055784524667687434881679362123277081709276
44484185565494434017934256501728770030184162064024837789107821030987796840577359
96811969880221754030508336306377418734384215950264513475395221318588239111073400
48846279660328121301390108058997142489916805947966156307784057178577378948992304
01406246223559482382686407971237554040596663060319139122271894429354096177591061
03484784653846506441649151385737306528790615336010826045777264420144886119836431
05216810464182772977682523403172609627558194623780230082790536106860387997225921
74512821549301563930738861210809396836799816903322624359535016804620422767881702
38465897508884268067891157158865644963983041181238791289814588837148793661359133
79027520970792489047090660085468814370506341997646927269365278736451168731613758
92626349692627590124782585977148616637473631056497339994649276768072139642007363
71964639969230033894290910610144177677556781263851279731759251755529842871339810
27257275503012860309861293940832704571123440975684446289484438264777751527859916
80986162544549894081080273118411756267082019820147790719462476791076516129689981
57253310142536735986878175031011554122249848160474185818610512264873650804724642
84542273180033646327646083687959800406511739561973407978859772546433389939318188
24773063441877791625967221467447843497393636021371007953682463675684384927760292
84249067138528079306404759730222712018889887590596667233414853019614329741922657
78213870469008545867676163782626106831282642245775540953978866198106233743143311
01667249900510481822174115041034363142610280834516519096138500317469158274184827
45653067466702473319431078704741266259533184677999122509133359312045684779114696
71948335779054868215505341700397581285864775939181088750444631149479691598001408
74677325344651561086966634401580546869240695563100679265741294273111597980443347
73715604246009713019229674146526308323630824819614374077187741863060582269032703
14092825962077866576270546101043504873396488895190671666475340541345581201259084
69062471041914185322509291307401809601413560168014789987791957770652111698310497
85362204374854383551624147442431604668232011208492066138355485209538677394206028
67141981839192839915995248409739045140371811198359281935934351950041875023649206
77345358357062242736677742780320914940382680628578144027215613952398963790319877
84680398661877828040070755988353792790398679993198609968104824864569867303832629
29675453347777664775320337011679063645019663231996435173212863205752555024637007
23718291865195101903205029711005354389040664780356785432729444561931413956946019
43578583122390523616263352126905995409805891921941946588468910821631979206643026
14218804514988593364445259695746850411643595073755021740562743391951598831725049
54925835002565841371877088454400564135629448684605523660763313375707494398428081
03348521740797373449005701870969983397559854191658369586812076142737728669754012
57201228400307340538361124431995351082190703157484338601135350088055156704999309
08784576050347885540212382845919641957246813018034038146663417513735294750162022
96590138747873605119132342266021116087913118877799487202536564082473049801533144
24135110258006471074046419790514331349470948323833356955716288119095824515958404
87973960931214465178908265566773178589542526561192057431768221322871645226346287
60299512414532833008003542472562305471935791004685615135412241950171827472094789
12921867771746502552147917280193704753383758171973507371822112694926213800551508
46204201504232178953425991200742004735206497574048834017311287151378883733490241
55173673164059099167739692640822312580024208564978687840406315893646945792885608
33052514774905252514130314402982531467505286499511254307134663405020647637170952
68264058775754113344165571395149071398118450614568291732441423677419340511599308
45210163024795711328858398267650269266021655083502800324272997367670353552525032
59651663823993655740205381033506992710391005951250855417509506799830273324418533
07527756024360041833296062200846150060820134852373525505762885684085582504798500
74913179420605770629071851090218785274380427752805303170201924246270603617319205
91495923846420379014684876456084721088021944887057721219786114245923446032292618
54357810536226669781002984978644968046974665356708638046484362088865072101886981
92027923672542536536872601229640579760831933200432260772896988447557979322127328
92647451508891746495507233532020576550705746439819737315328502264056477668207362
96353645987146881013137612786758774186686722628239706284686495982521442542044504
51874165930736085468350645942450883810463119866620479509974997849687363122193726
77621452231549298031234774617868533460792188653469764437962291694528727453295352
11403710690638551819410968368683329744232526279867812377348776426176157363435460
36567611660583222188432504334265038799881295667931958906016523729170020470997039
51211999606307674713005024652127552972392433158862596038664133411080549386873284
05333914382223694492801885526615278622889230107991605277114328341050794030012780
58815722712013349439439254758687177892369542098866949615119813697887344906408243
14934681120095573661255336087682213870006291915368308756226065751922521273784591
58590541228669188899941077685237013734892092875910427080908679130708441657934675
24527962671470627082030606052657472208845429300866662267067940042970206674342698
80983242208660874339064210350996485009854672397555015511192305397888558057535850
50618288268258471750781101299841156765438735561829451515353160104521758146483554
74923393398886757551259696919857548043161768654147812648797651524521803947006044
78208400542703682772022261622381804158492134932208234793645445120263555298831296
59189894394628555111627358871239846757504887492770167113456944715430559534386541
03756579896691703457924929666664395361540952924194947700910163487403592787916440
75285369910715720168480067342502353131271739554377040636689139095308445034527506
57176809409681852305266595806983091276367768635561166199567805977970145283094522
02605179178705620002639122138510083877161243098991592190499796757612636319693076
80989409368042893072160426503054923772715102079281869391579643067408357800031257
41740043665226282028940047992382671882993976417576697436126995370921512295222754
27724389943506156550427077965166050155048940835432253878188974686344746710618038
07824186863063940057155262527503622035390724104409922934704859816489799109510893
04050758374884770949628258627766110696526679422531134874234247004560208326578376
42743315699450470609854687423025644299508054807073754085002600723959525430334276
74415410537339673354380367254681500679852412520817440791946044440169771384216758
30033900849721074858046892763486635542184809851323756803212531113596150443887123
49369343618342984454367234105981648641372435377583716605822948837642286244568430
75468289848509784707385158380775755106680015464834827721977705743211981770987309
35124880028143157028145419342211307495909244955707295686662565508786133917724739
54860991518596941291234022729367958527378793608479767656050420385142707869998976
58266635996040956484368147915947065404963624319793270199436629005080808789824059
20400320718174082833505397169035526380135312383446151714350829157761983021573078
10585219209236405921623017188638973258222233289481417700952397089722585829130288
47800021259322988595129594567136800045810712494744169259583670900374348609173194
01115147964755710686802254965625461732584584172105319102334983616084455878940011
42574414600311646459477197946333872739299304122136029987401579977677016470424340
93365495666131403695023695993634512786102721901364362122591696835580251822404584
29014503749272397360500454372036769062430327556362680266141520006177769658954694
76457678784921905142707486840792459969854697833743514591589151129724625608839135
89463611610918750854532879123911821217402762119377360023954898310041004247939520
25554650977864220456226514191386998628206583059017687302953081705976926007297752
90391313643349837472525422276572371713705756830815761979293657673933825252725476
73150604618642783224826506122015721301470579129748267765929585862000342201763974
18552229971256117402581677881904164135725611436051315262346468363085559205929752
02919769001979823380914946111521901580043457044896853204414559961912747585213991
12634978031933496806848477747031408052993846800804456646802939446544313212555196
21015284085916219170335687209133419463482239906425589811452755202676629678364572
42617144318732459698133050314604200777973605615466965827046278618829512734115146
77408226987400834499729995360542745264184942888345016740982499527432118753636451
09439308577791964915623697564619387235231983022720735532663056384810434992810954
31423134493344169796591016309738747669308736784180426409836493843366391812480188
49866218160831937512914875321415666706603941471301224146108630498265887382074549
57389830310956798454437525227054757102474336475781453332575277040606697895517449
95525869346205624973470735632663604702458207106093317549667046706957228716547973
33079175465264740568611756075412891579640001948192307248921499858251529917727471
32838319965818736546364237965520980169589799839768253900582017626795280566598217
72742387575125142499387939505151494702908797577949623068866527689616546270174883
80995529302248041465968317395110400462397991191607241098563400493566424332917743
87586184935597480721513914744831629725853206268707308343919063686175064537965722
99724771110202038478647458437769377549444729383360087349350468578143789697140873
17320022214870073284194177935376034534662553973320248164557347973341584202424122
93996145729128006154237733550252886485711451671207441804071455689228371636549684
90833246062939004410349298631887932606147391576648985815069863375153481007938273
05560248545172435874756387916457880942045624330346975858895146278603653607313983
23106309677079162887430793517557573639556975043198782600444370762914578975401552
60224474051657530724478964358661644845246121407182491619424894239890267912487019
11506862786285518481257205989219616738671077841842480248290289070633922441089096
68237618534670552019329672751115404304076295502306575626900068465883468067659394
13153036308589125445360862848069074159259600042215505110044030040483247558066148
45599275109550059158584479120596483320872975810560839296972535180300475930379789
20905800518788897015042928995654412236555175002783471518650924073703110919501130
40263356115385800166982496609515319907710454501627851966087492388386283264624201
32173916160141299576157660530018378328304131252344291780687288579643548419161897
97346159543182488788424729887822297040413871977192872533603340427300182401420387
59421847209465391525352709874222277745017066491047831029116425918870379689647098
48113006134497168762791325731678140925478923592935369877266585132276524449185624
74678375971023558963671798896380990144756948100107241411924332464559260375590638
02557914268473110266226595223237108592132997979935019159286570009475237935478520
78068840793827032139822556109314774318886723986662645164764448277402524546266747
10548370307621220058569433168330136729239139678982206266542411155211785586454716
25022699749900335934971876790179358580558824242037738100722817243630848962286268
26483308841169662789226514129302082009328234289766053811486099867594575132995020
60858684686180465858466200836029205678246188577191321391437527630191979411007246
78388906691041485273090150214409427859684600383630574598642739664106036381242783
41343495140113259115212870757274818736944462520430036914565053771842400934739400
82752960896774378505103181580637869603810212377392655951110241618693116361715989
63331809095458299769183115348449130634062747770651071661923275483360000041140862
69678496290546329407367226472765265086365876998808027791583195631292408323891005
91412738106225246701060022794998703754260761239890973115729634574605448417989880
13618261184447026374182454540575879617695204764240798427332985382321433892949703
40113344027188194439818312373875599970461668619704332465023522083229230239813993
90196492998777256069766809191852723274674827304765522578414121348623903579527561
39334575852571258968804844286333801694358528420559803565219144050728517325574048
97057843083369063860087222870515662051941948564182204548894538942932953034730850
06183809364501716696842609118326426255683785053251061164418001638800908299415230
09347083459619927666958737688810708898416779527151696093000961504724874277295006
61942600367269219050682775395294970869408964725585284376697096625828399070041576
69214637464672484481292423077825533997298294961280950321743185501975903618474151
46396395785939015470725616375682838190201257814291625006790741752307913892695675
19593191762805417769508660671360483891780758584558912654801431541872646762961122
54743253033596839430660697155024735627656438672067866222984150358354935739190238
65528856447123823072537669393614084540116176782300600715159637666546753030393671
13044128380934860470637413819385024701850241498512877327164779426897096374494677
08283709000287212105803949128396587838578895364844280305205077228662395807788003
48739223040416504699805193513797325473249050043681425418871239808999230066768606
94021676109584337763864730805645103416737375037438105261355697989911494543288928
09219152612293182116431277433229440055898654744537611169511918115145933914838165
85652652703943038594458432923120564120188740608424803817394110483917345045982351
03922940755214097792563813378376475317384205147973327532603343142669513262544788
33480200012471087691490530849574177725533979489932541408005557882431025850589119
10365168443822031321225050260269650306372907166437709217781061999647000088373919
79583283757465038791885528483128097001470690774144694241113571411930769953526631
78048632620124451865593246025255813415923741273012342811815982421770759582348509
05045760694674566818181426528710085458588549060390803179414362763260744916566784
84057850932990929224000257961001961024620898061395116355310124404615897613142436
62348284380582702045096627012583973866571039124385312641136430336938513077194808
43189806208263523779716472943391687624156271414366539421808952731602328971154401
25474263009390093105099926039781511396697611264490748355968813702155628036411889
15891589172081015865165561907798581950789047767896641296179306518071678356076057
38891098519639789339888156721304531967837392994255092938737581366512268945154745
29647803803959242398565865849959181811010049040517122306405736912953941581147176
31363538691083837460602679795922751528865702532767319687855569582839658765383918
81944213968586083973152901047117641054834202009090834287497538820850008098279271
32874220169723756003322807140249518043411693691698081450065735338257780438558947
17726877013712165973473618872515773894901172310976263966217290518348762503756112
49012190092020803288912439913571938695973208881607783140688363408473979644912858
19088230592142295675595169861166886379076203207063142289225812225788945130174993
56330717197438801015355299395883535171228237985674411714226246508248300792527123
74868554023385070184879171016398224398078586860983486450658061783143417390509032
01827737969934212374276527361396682177284241356231718380064720700642896408274877
03799803564661726276318149018962580725635438208293335372576744161746018876592200
76709102899146019554991793507290449053218713038182663082654296491183230705668114
12084190376007130507652203738849442933914865661796027614502807430582239257219489
51045848211862876881850631410615436343531298170676007313337660669721569418240492
40127966479831145528246119512039001244571656624969992792832732339767230845644745
63287046820277752948021961411945174225625223678442882063086277305911476484294672
20026404724186290619620911382708533920120741322526075021048979090715801241996971
17394396863684700145356904444985675545200774133833019592425390322631681897931252
87148317417345703620848628568342383802477984267334431599868316253751791706931415
15987316614050368277785107197387835040564959992503012957778650472940378625350687
45573305372154768385928710586399119558218510298917876369057952845568553224477337
01101306233734591656815706007386769913843105161744375078436103916098780745072091
41922315079986286180443280413026805368798453618498160957530749292330966551929405
70276898824177796476102577029974452687952008754575297017311729104359356758306319
15993375493804207489024455679674736218060551032008332598061472178674065659158586
24157133276914291720547239474893881592026169648840128091690714732739863277110470
35272498704596615332926921075865551430150341433319940723360562752583641830135575
55493834518124666901906959102173639144968522539687307522823961802184847693837579
77736676347564343575686907338700643744066598117841118026943874198662921314683774
96264287732587172530051038251560605877381966503837756167679414481133802330658553
21193173479974850902500436323794262211095589404965208678652014338205190631794753
91936827713609639737972869164787991494969104187284672774547514018543983016093969
87422042719106412440197590867908618714440017613916044850726495860745705743688854
20447518541132928656878390462966593832234184722394055587821566469448439004088925
51120601436306222718660962927683527970659463293623021598897464051639546633815921
67742308829036191927814428382697917479248916726105029985361133429362712947941335
27797168694418645383427103322092610456968688341978788579711763790943189320758967
55684139387896237397204287426086466938768189821117684622210368671025094732487886
34000800605684866094209281138536921482994632399777371320308708186184061791721672
76840034927185516850842783251042424076157035738179631710135724015974344140809164
12995511720026199009775079007953358065228334991399706285574513544476143267566739
08686644740642418356587070438358406908103371429908509187372473132716261752765657
86512675316646104974449049851241991975661210760316509001989897972859327358351943
67183549661212746320298575562971454921223325876461116411707341522202174563049883
52652476700354809243487021150048846587310200707466643060589484454419971416949063
06681134033242318807406209232262600714927045601458098327992996573014957202586634
83354157974314589203096412865348208045339818405205216317409292280665172247611654
66828248305698393758451413762782502206192317002084574118077548136066666283701729
67260016219403426861151829664279392521894242420201684175410813391981636027626618
21428481351790869884441543936072841384790406360865673869225345672176719775234650
60817441930430462573092830519380177542190427659846980451677273343942899629636329
58282350169082449376820766723862892287682290645035919469583825663486661560770091
06731698952537739738666232429123760338906852799442629174463454821193271997657003
41004738342428600561662002819312070660932768541459495752991257185609716165728966
96896925168980366173495712793685474581535720474709776643357386817912409053746517
19777963587352121203178252459215810900774091876957721954324750393589695226444870
00900909607781568454180399793259757909255171548399223740087638685897528484449154
89724881171837179306343640514351042497906669238001316676173819964510804981639774
34594603499339496619333449421848758421230568467074347728963613059653835338246431
50585795706525570857360162354449568405674842556192507371975815650418942690251549
02294503839266332583803490570049162670914758445312516387849415467959015565476055
64211322403707703712914878140473588436058002723932817323148462173319891391266681
43087139471613260751247871581286044640182800524064801146918576062998900411139646
77972198272375282680244711079424769264260006781335738349166807226422612985495533
10232475193752143841066588022860564560493095025980813482563663179719354467750831
75034255104565130585881651902781168683954357515338285517975930530629464971019838
73766778467745641261865163691100838394070910607015312519343839614149332379407814
14431207474482685638492510284882524483653588022546879810078370918823200739687197
63001962240037102172075175313488214917652857579292471692156540028329093668464412
78707950267872176178198102208902039186981290647846446973951765744757227987497773
75026457368505035137039301011344810779817611973290293251140472693550742841388459
76754090036642108540123919555182043658332826090728521860104106049774664367848934
54113070679889865353802091916028175873832520758190705604419145010088361900021346
34999683656020488123002959119892947449908342493045181353263356531454106880711171
55619436157594614000559510041347446775345483317800136364967557815253515233325705
09576635443475855167334590833829953066101986358308087325553308471753448260272222
97082831826893698104294572391933615535014855957276234257853168075602461173307800
14781709537275548820224302568660635336830908920199617678852194783306344845686083
91763211433790407474485688519010927957569256095413981740521609631457441826557903
77646661790501508038837875607912870732905421153392318204296242481673457660602266
53312889715219494199807919847288077115095712677504622432606041537934388718486483
88584400197041791745093342762829545773069975344236783776612010600457023222392499
16946783343469673868811346532640870558205009634439134035187455248617285525236051
80148230054567143821540739258200564134725456345997953532052677528736977459862607
94968918985942777815249821577608196898622304224606201155664561336818842253708334
28129829578707488869840271461640215369885754565335339964229051267166643897718838
37691547416693662189075800110220502437743239353776278864504845584193463029720128
58329850086078443511230835560696664707243428527205898102117295609023907679294726
72248663601471687713233054019118076899452627408880735962036604109210355838130899
97403566398122594502091625646873210932480479794927160977287643187509342788713735
92142337223563462277919768118497790156041799729863133779144461636157602147703637
35474983798694420723749756224673223689424222333085137583357910241483645043069407
90046013316335169048340631616787513026133667722295231687605869899328476137642025
03875701669742051813726413287087378963947167764704928757851051912624915261391714
71518507503643206694269660414732936753665180935782356368896831351820164322301862
49417961290405890728122630580381836755450771052808269981788724457200450690959345
26807486169121817670137231691695891339273043573343896691632009614242893155727416
16033216985171207072892433934405867953724548404090253598294908893137478969491835
58725523573509929536822068510033271341995000551349741035501876661235855318840230
48930129030942937325668101819579232325473808644488072692329812411246322533322041
38617478673487396368406956984343999358359118186579254635494375463811390537294409
14487101998055441838772631167399468566275711014118619437352271350374123146939388
15753048645155458676697598200118575292722567761119288396322586591151922615630780
84278667775986796590479102342999206603545330376752979056016067510284253424952859
54915531823579296729977124998674454376279278067311769918209574205838031059957897
16680607811335340916863797574280448837394329074484915804767468019891409906341070
33424503205276264381013697409557705850273931594549359634583119894186370183913255
98420915787934235902969691588468245404373494467104989970878590512917458116005802
63900373432988163789623175788555707226710238432622248307281399975699515769572587
17896657974875513528386989553861406679647827146878679229878688215213591350066641
35307113466363290543220045319179682079665632691725651158870923676621154063382564
89983153884387946496419466429695322757096724535679187360965736698831222847546847
75001873796381940470052662693689710267764993838105377725211655094945571944371718
00673219536885382809651076905700030157812707281879040910345987334464810550174819
57030836195862021888471496410002859075438558253347349977380344882432607560866218
65245101135789029452250931697115649699292237930627178218006825350631990841429266
42567670224133789095232300948240194593556355724036083924355327574214098947314515
20681071597388108119982393716780995768054012175837461898697235072760601967423351
43357557775059478226283673643947531786593927253556396323679614609464231811497788
62294047237254723681704279191654193940278933370685519810066431536340080611511808
68201116991217129623041989198039854338406342219306332602765395646224644613969021
45221196245745561255289603852109978890259238375316443241375460277488840849522427
93201356174342535841241534031557336635237739048533213395377318182322593989531880
41501992403285967659533289667592223766263135901221232756625113670246778638069641
71781592002432640643974047303952825299673192647765269634504985075257395239865292
99877753515415029292576339197953779716697074895278433723204541931522919459473800
83531059816448923423257901838414170390711322537472664216000768672683589574027697
27768478589208682272667287194130035758072989188304522422120476364750980879280942
15312840286217227194813815913356639554503085044941274968874276532210847842247302
29991875107127349939450902453216519523226338085877799104676580090066568694511188
65680143091922998248824315936069020088906747144425877182030339489799117161548639
52659860985052460151570670251374823210319697408286982857061790524610227131809269
90047014096892867709977660644409323370974834988465860053113402214408356616624966
91223857985129990433197301823151988200739172070434595569654235481406017379861704
62173636941562449009362681992110503412513471532272507804343681277377757580690606
10027395344895822236258231498717529004165010051580581497958031851772111715082848
49117158487342541942545552980202668504083308581945569334649270880001021949584011
39552679387183106032373796446392197442859612613912095336203769654054492215847403
92966398650713960381602214370815690543082034399840522412912803651718645961119933
34401712345286776300274918156517385277475670516516170526779470151457711135116885
83982559981853515964726216291586473725944976837140180474888384678369791135725894
66616749766609231644177417508839233151472035091693577440306065738645786849544440
18746434067731055415407609041134853858345337940629942357792275666553717275400899
95666794818437104226386299065988024166922514826639747654515338582166220523349763
26061799303219462506503108260882660833438273747028786244498489180972690722491640
60960584347063482356151549857824251249858836123257447752377434298624868279861840
71141734437098425939049516827038852858659962926854215391889287316325199856135735
85483877937205988235304262806529997354057817512803075051211100762689486984775083
48093007948672343698275845144144417192482048168138088119992965186312745580379760
45487929657118319965314962752536474118028154521492218259810992592155620128446051
51097443818937780778305454963411547587217729027934390902207509371996858380544101
68068354039535525700171267909244602288701689571184052851189632088214471810963922
01139758243651529539224546436682868932354285581255747280539793176642778384140996
97453100051679101690799701173884522724314435971550686143939916003796156285412216
20592387185836264595904424553076678412813885805590799259871450236073034697528264
60840969990536117775478108066678301150853578292718927051246794646511757069187727
92525764884038156863515043492417529612440440163190900594154776246342121585300321
85771212188844210602386972540394092386743160634783691834653101315069490885865079
98123674638365155390014314553052083113464905993414626732125980560845970975826736
52906160406272787017451063291224074952803483841518344653408681813357436610524999
03575295400069543979676804311729926313644508135781461387010525636007626817667470
41964331967788954216965925423801452123902326943555023323726412179026313699734499
83046630563613949991247445625768822432741704739157132274948800470198450199611752
35584039221866919313465924047602122359546647927235944092773730733005989999483318
17852658253632533271550944902451945650621279498617953432297684955686586093973746
20095678375976165789419149581921981356617860295121631088778816356449482005612598
97462998153962711789297398612616729759788383792692272715653547478254059735828298
22971119905300771678031521992853729290936516815528770525263971462718091398403083
11389022647849106800950259722083876236614450352943258833957928379876347158372119
70674249646323697435691811902453665011661903785569344917748180967467061400075534
53468723872541224516030831135033140877644409777965124448345879067693338229696847
67048701501704679383154423274682323471987334582918670810424492723085464277806146
00283259833418503408841027690246089919394443111171849075537940202569087889411393
50489186994617067439590839040576853548329335472822786092716088538410104487653450
43388202109887433589227511835644196402019424975208049652403141885573384100137118
16034956631812973995179492882579558922519947287492647384973490109637233483540832
64759757247478096659538270304209388478363900596323196812587189333464024018148012
85354028934562176245897352071893042311113753965396189577547585004689161447095942
34890285419499640733965679787817804725066094509610746453825263895681507611597956
62840015604907035925541849412088688323809636787411420688984469507191639584052030
69363983959670564759612247151272791599534369603510967279955747528651781768940946
19610142771986856951442104521126484057914538784857220861637876481463347936638263
22996856482961073740846805352048254092290730612977280740453078752878755605229386
17619426338628459875359671178302428098236505729775752821015636957821256299867591
33927550240493696942090071762503513289552553541452147850738558384106443525421930
40673250214404815638128319784461377878797172291368682151849824789314733649468424
14695404397140260546970976026552208913743449191195726203827134119835524750386553
69955886132576985024984221908800931108928751568774206064877846368270015465083062
62805741959490218686781901922605446724167912914800211781984470911314126425355747
37829061203194951005529580748157140121500455010710270913717585067725538846420036
08332327632849436942091509633745296364975031347059466660443979352648835808775730
13444939203724010098048647018876501967786074976283079459400166040934058136236739
17785487069483273770279551989626837844165812037590588492946633806993167284778625
22067419151504406905984394007742553009528005420787572330436475838628989799400471
39537244498620657920585539428109132394268285152100627301807473406045594137639098
47281224632532557047770177318806119040756931387204136389911299157012189028448230
22697703582164070026250851283170837851582891017049755303973534275222309618389212
78320247016729121484883101898491023511964911611618530772690843059805663310232085
55748272726605890543680206545383878546358005955209444309611705920011124668498018
09365036628728064485325258193840105138118078865198870913337624023683343090992711
83632977254296585069137438176877358441673328002919072256670482007077749647649280
58523055308684528160070059335928981706887101357008364433430149014842690088472422
78909553661682692465856175228970856369669554112758340328325264370960695395951704
09258259321429553918409022120401203996511352793720392221923731043399697201587939
94622988639405081859305105952597399829616541581557075845734357720235500569380068
42091121222545983048914128967056088197394393633781758733367783082222058224384826
48696061610727559763885329539849472813665084487567891516802000772361759695633083
96170171321090782873120473118599995226779362077838209689575930100659504463999603
37859592354859323070235415911985117241366042188722358348130077570260612145681319
02051455196197420285216401829132587429510603638882116930757010173379838661187354
59167111365425826803283908312558694753677855918125474398969862495966431621725214
85986369302485150579115118792830193207993270980854374600879388107490464228448030
77831756621125303859462853008501942270176093343110351733168867352774862541035035
49631994692921527596199371014540296630195227613897820202430732400142274249905502
90681715392508799106037925644191913526435452310329447394715271031842611543743892
35568156139045125050894060817094877715727096945909462624832822990313919598028200
24258812099809626929090518923731779178237784696803070933737204090214716834186323
13392700556247709914865796648471123049866227447296134194984998930566976121609649
05348392868804660171029118116571651740400109481267309367911708247299529179766567
54181956288488229993807622189416052405992967344259595960621316839780860936769630
29619448485759351930609993777569009457779849940630613751163204680352062365868095
56030528972897524615496603279595890966752679710501439761822183965194450651869254
04094074152116950661411527681410163445996237545238861430670231861421498248269992
13225868422281444583610371257785292928378024651322298216277452489197011283215405
09215681734055257656191211554091018536334985212469754811335605353050936720603610
73421676058367639923237127388686849945789658988703497714827679471048066059844842
11832790184170623512368943228127074416792917222961331190745018079904816016062477
11571892612645733964207111472699686069196179910101762421998556707045040744320727
52151999158819197508805441718407523104233610826041228701981844705387723401691884
47186284571429327302246669619423990466496510780612550415878401254631810260962891
99441633889334768044331097902980263394308359989076128639181386569964020482000094
30854793680343281067162055273169991833544919587350658890092464285413381279332290
71260986151803175142153582882383178888874339860784369507379253283011715240300413
30064278273087551254857636911754882006901432487957435248233299152088367704309294
69823213851094099633718318303441008244499318714724627463445103927805876893601286
71070755167802710917054264446895141633119686142369493958672710583643148095736040
6528
