13620458213388462635861486478729433954512406350530091773035051152620323813251967
08035064988332819913189772788376777013896202856341037830704455042446808127670472
57595973684722399363924318301044067550276345085974513502719644079661379458410695
14512029822598269234935751528892433989769445731175120671358151913172753406635287
26060936255829706829123318651516843177364040497474240162226662716318350584971962
88325413276245077072460814422244439626273555667433336859121031086837335861196642
71528654522440523064740120961342105275906444477269470053070880669439457978752383
71540447410282483937477575290477543861106433167001828402492532296418581682402814
50237699484161525082034848983743560845109550868546297220941551467249725600700153
93006161887916907150718165628390984644480945627913530624947167283408717594396411
03166458498128756216279943735771335738126758283898698815752355926013412582562195
19091685534355909109658641618676853470847242184786547374478093902873533599464840
24118929117040495404478287939427593911773395634693072163316225644214317112503629
70506263060924069513772695565792744058071399312591353926952419432942401978216206
96146352440630337968236108650596422419832374409418137318545365623510933878911649
43803968719863389782156782539191864178602715719821525941983963386107786574419276
03894222343571667155845729620555174024041335371514324683615356894735756119740620
34951112309882322529103657308404462158555047161808259472863982558737573841367589
52789718693097386644014388057539869506583628484718070128685081045937450495887055
91590789100414121831225752370539915820075395203108580793430920433359897901238341
44852266462604011774928122151792498554522940330964603190181502375306358070760702
35539863434982670999313097515438760398683563116590738463704752926186380118556080
60322372538128024087606291359216367241335693155517738747734322548242763034218934
46092132660133940297780235816950169109371972337327965953437228935722423724870155
99342743294118148506716557738721880998754385876827140133108131953987995845435080
64384755018464301748724114758482778577310835288573293925064248160189886012683963
82581895104736386486742642478979832585031410637035141772273504301106646060772057
62068433379661138382263000968438194349583533474450447301447502356189129142468658
57858294692503118503346500205178321592440541151882283267494126868487787357778107
57433868474385081716156797029715571726922007695010218034044466756614296163719652
34927789592221692701966528705290624435146008988325422640201668330719019664752235
36862510299173044776539720718866292234997015271688489433956804538703374511776478
41656145528143805331085757101903637508883082119121151036936181836539076992665966
31023524172218859047561254628013130680500350797045059827242728082557179928601621
79417710813867139909292736947822144273520688015781248948118825114401709529190970
23905319788919924734786701536449636874661510837143062160017894363985320129544306
17171236631989287450855098147648409038186716676555796650335156669896761381546215
25293966135167492697901704626937236835941700088538562614398068109717909186168324
81554606421488569110950754213951044371732631921715681236887414982467756777139668
11145312768622077019195571380193981365595134930697621285303208027890619329968687
50079346362992519065280167363424866967492816111590525266287841181508493742349950
72640338354554474221134353213260988450359192153191247063921774679043474958349490
43680646932261355194890706315168377632520420843120316466890792913797231230497234
47247895032715902460131252346182462726366083538410365189335032624288107218091657
98478816274473776908621835184422323442000579769395890355101010484096013343149852
03139947307745640881911525564836376483460705413017701688747051692199188895104995
89877235951052649572395749835593952078919796584924535285915065449729019665612808
67399975409642727823619089283571090322879168656020954724903303492185777778401782
11391311267695194041486697264988988992015834007215558366807518728978812478574398
60633042679258420062263650027428040932794856975852770452290824400618046049862094
00868821822906837302144869092957881314622886597705678524563333349540125268737336
65818244007008597327854903080009894762400490423117230505680658375399907394892759
92461953013366262854014493696730453177345051730871863077737485412443125206813877
37742934964536861888073624047168930126870023885000610154394771769069762419156868
82153239464388967966906475433291644270717868892287654909594350523536852907286396
40004389594809528348034353147363885868935902820254861328070967679601203291983017
83970561008555283425152773933063844665232495670397415861236565439925370646710058
00430177848033340345451353808945184740899985790099736995802124332947145792122093
18050194801785869870189386455578421606815536949748072493408479429387292426210033
62376383840193856678040300850143760037787691442275981340509959255272031741685255
99701792141574002116675971996078950195187649937885453205692816841868387686500906
00312074445845700756253126634283463325323523107148818140330626155142036466705031
09389270160829110931167955221604297832076566121885953203329260902702496602560484
20312901196939824782023688579544763473252580037129241673408236681334075578024193
63890871067027392124683451605637894640843632292958166471229411527277019105243308
71015250883519447375431398626518623918271491704051692895783038662401200049017216
29741832612457353639810347973891241080943634952908452944960176191932956925522427
54432726123352848571467221612066284341614876172641669124344583157484015460096570
65364669121500509536918287519210374654807020692294622357469154976191863118839894
70962486538970784667851147977004499013571798756027342590107819237636790309328027
11806130779978340818818961589041375524813009572508323401604084558467909250641292
35983705959382355161615103819928480777158741343687274678890982770976078485716432
19873256742666032916271350822238180479003444265130973933283872583812069134707711
29813949444174446910332647272129446512228057043158537116975580651514561512389968
30289874849740630325553495448819922145110191588594249790165872854644908131482581
69462589779803348982673927135893501346415787014977084126393624529645765572462794
25422597483514196892998859057784234687380776392347485081092217817001613941645831
57570895751786422708527787527343585235291424613180117767566440853480890583191963
63148990778683402928749958346295292312496071925596916802078251206609483207569114
80794675694173769980537263123433871173982524090805995404801609142907955725245886
55962753361112458516969887850941949197124424307921587163686005967098519941056263
32784797843364011694881176741422028218212177694061088858152229155084270455025450
70815758053795185638470344294654108525865641982847846883304827106001209543888335
23809896350059345312320314744181167614307146044057524031019784885520735859602272
75898867496855767259055530245786493332646940438315850176761235232169474174918371
26117562044553853440329858574993885576850523150384997494003339562523061754362738
74290968302425821390384566962738081090660578554021933415814614055806750941984074
19818405137245710575520977698840604867905348014419483226609893008833070365916477
50548997185580238838332931516995905776310070083885297043932545597174513723089409
25263339943672520081383850210064282351744026541014726682423047012197562507099138
89835594266241395448041402710204409956815008844189998930869312104217237099382487
22231393772837220527805781319583643938552937571462613929260503967502350051798172
42272632324812979614787120673358623837298332191271631716005474207177478737883615
73546337859819426751684754175921983621100216037023150397787665244948395640316802
09845392191971695017906064069343569157917427541992664188795609185165473137591406
73794733093677465250421811221886522098677504101275151231196646812351869254606305
75742443108047789712999240193668395807565229326302113037232944623877018582266055
02166213585789735860200894902518153181140263970732897187981118208386589596203757
72671313069850070520154692495613195737695938517796777464358065657928696131738928
50281958024937575364866715238148220672465339164723042499431741181785307749001961
61546403471746874372537370522504709837250737612223173077679854950715058103592930
13652727156574110666129987851026982339026729071854552635473723542390824227968394
97820414894056264253872541697064801762281525401696297639447611114579069090942487
74586719088382718520292884227818203886524387781059420570425564420481264331212901
41465590178663106668758075292520382081093052736652096109892309554844649631989451
42841869512439993186465078195304432721915995357492026315339206451715193551239596
79781476483318043438181129868294947124200606697611290506992803781824273634096519
21853987123252523764361278953408601291635502264160687984287999199764593620165568
24554606773053770713622336805823332599128267012495461794163937323082598977075625
42169610038934863882258612493146914993828880397596709424427261316131448941644741
48028117853741044962709854840413838887468285372618055801764095873454771944689719
42083762410624055832101484357278613381052842567251987074501287325019906501033061
47022398423590607334048664666018097588399471077880269525178568353210709329244025
23095306235703832329715963502813924778518546142404008061523830005104573167503542
85632480419558205429388204064046290432054322897741121733313599155701845933541371
91596191753627456321373903517653651307424631116278210906221289903653648928163509
20612402939002512493842571905938297435088008526411044748274276253868415364597372
01053733458693742814932466946605231425974633016310940623716990099209719705562698
58641213340672177869983074378056659394527581498232918390620389695112988559829625
06789587930976592673053883852055842699425790909025073375657819337971245898783339
56181125427295476392134985112282396776264297442762879999175069809617560657551334
09321628962848979566879182256880748858908633823212251927501048926613840016449651
15126704490218517708637718285652766475193588709211849831406816638436970247386976
42293966504821456790377889544559609636217100155699862390641256524330176250670039
41006675508168816301085452183174659849351760077897577020409008077426901610519416
61739110529346993465451933059402134340446846508908053973356475092200869058570941
74013313914955196494339189868600082643335385711187780124163088223676767826604721
45413456003590350289514030420627274311409908077100482134254001386144330726204747
12269765046640831390410332767622262049936862648581601146480313127490441387477817
00494357350876860140372821376276874690520885950339627961064665267896225989975384
37540693358871516386519396880564322400302255089335219362521585464754308126899847
00098066001719327385062680941913254975866126790202077938087304850158214535598975
56218066074153261536240916568397526983889813863615134738336743535834214200280954
56512046632416009371018136854020595722031814765988782688240383241666704461267309
44181052445152607704286853337417610653327843546268389464517788524398139918026411
15941210346593270103883674968498485839692379752461318500650182767128090932565439
00524360794807242916674399760867449347791190305239371205583999767320287381514164
70890842620394400408993347461570408451902736626716206183919958354093684436334088
82889867963884987584485068080316692647596345842236877578025262380587964218020591
03650110899312358211333206036194609440544571723655250711872306482276802470137227
73921317674487796592723601551071252400817405888520386683607445534768209600282664
94900705797519412939094538746256484797671788861674252020490554889554407476713860
72869380093311606342399632114591345633018593213779254462157135569046323930207350
88286052338963599688112163725267425149939452006978627408891821028044769316594079
47452989124750359371138912790054118903675370446003210664164724027517854318974218
89253003891860507251663679718494200365868671144009786270291321470254321393834248
53083722152253689448518840820953714381655434362676916640639511717118870898027661
20122930377383065057791227362829015820876094415047469472931715241394793475180436
24266002991134146246918575102402084068510366641112909277153663174867055222877466
47678587788810778056650738047487453072441400892060934226222641724774171098775713
92165962091764322628031738700333549920559773530948210333281750348199002732577085
59220253246416861744930667883827295346606154159193688691029047995046511287000099
33844961318307439311934573735600937547887902374241842378061156428678302443256568
78181815115554114471926732218566185772152466022820721930760351128638431332246434
46689738163056488107701891195398893739313886830956440970835585560322831566258103
12895144154101927858555501540029678927226950142467068208200478964189071471189125
01580007210374271377642960087686271908174272129888539737497253563130006517061769
75559261902081521627855074773151012101950121757340792556409108582481431714821601
99162508860660624191441198201312510086747542054484853434791921338275922192434346
73471569968754495197516998465982641588372427706928202236657996086905581105233363
09578948197662023368924502524162598185926438580233802140729335991119146733113706
20914141380452844500988836445080197751487713358240016312657323901841082917457416
36424982803852465822956647101606337352524224253490553119199998225180255425033099
47612893942195751122893672115746333574249286275221795567559648806296161765442201
17105833486548735614461315873551108670401572206041032898609331965759718074638127
68388525007035979882448922791086565065093076391912072192249234343631275709066383
80229983060401547076910951125449917850882890809005004302802024683403547538684952
12617166693280321942706168409227412761131710059798509029165839477401595384978011
46192205070368408588732687215826855095799350288779757382620267927538225846961856
78418441499161304457197369290580624187289910366426547628323790128810631539670089
35253492573254749888282087846520587556562846607722617227767633738318874116643074
11456061328257024715110133731318597498386972648178288917606747667180928220564911
18766153187376978204965248081229762279784211378882890384134323851073143969762318
94740184814679447223011003637733932596218815007440637134406795989436934142712121
92471226051591283073874114282264392407039005693388066320850695328501326498557120
98805658562890306986917535486742887154631022225342812942228369706295712260297694
20657641651912954351580133334112091203538314288433949201188982383102101593570317
38814001257782275794357925035921825008805846558811957417717667549752188833661900
88075697155715402519261751047482435274437137259155886719152454469354908767877999
56850439301389504213835684495216648671589658152164603688569574155815330467048716
74071358062353129987368451328361361361029475633589699679583440992491815800843114
08815916053339394733861781429796713421781274428581691812009417147101656890527801
57236927957157909078709796201749190726017832640762444814737602793594360057150931
25487627723158202223616392901377025054507854913854791573954751702633470836745350
26839353137230153403295218484761036993216610603704854900402261598045844583594993
25841791321696432245283397098703230075519636351010521277554580500268833550450921
95091680233851712506049003667237378032534514524224418609739109334184702501563459
58168608752922454063481180337950745532243121913100057001479135757451778429524993
30074108384992501574875127139127854957228971347319233294242838717349631332400542
32722026269367129124138635799394803891321694277714543837372489058810876532977271
08626462535972707324737831666005912591207702663054625294842554508974247871566832
73047639373682689892027053367166353099001046768767414330291403143001106291385414
32483812658479521803012587918718682230367565162809516175846631440803728778291844
40770763798011733708700920879655668454714396531622291849388150373686182835621403
20202043011717725943314794248033772012976674347894501069923723140173556582231431
49617351659782696750060159305098060651647087055740957046531435793162633077258819
78850779289150241100661203876975516282543536965915928254194176820791240372942022
42050423215568217819551316726696812015635237097214894535660302346283490202061980
70134919636988732735202426437910984583253832235411878106128711507738364649785964
14400170945150145116888422330387093330008378445068271225435548678986672514801771
34900349061956309639682490884317572381753984214691061706476765911911809358083891
26296135838541414488906447268480677693379531526636528535333422430103329895171284
45817392908179565102493710449703248895242444335961299138867345840811301528229012
64792110767477967526026655616498754608210577086705323022451747866216899039591915
40175431997935776173400597865490725991395322644804725539093911049293104634473794
46564925621771342020228343755762917472834182700270285990534343959404795786995288
76608755135940186636362957501428248819893646042830645748855654918270313043719649
69542682190536619151973504479985598767272204385804056717741473534103008031197284
80295400138070427067023910840945112278122787824007389330842468997944846640703933
15765618843654000100556583295393788442651904409374160678176511758799847565760842
87000607217056023282451021036962509313584125691766637887223798983561100964109264
56391117991285487068112059807359674198284394615561574835968972843782789344772313
39965778503989295472848711023370536703510269345207492889801446793546579041768178
01820230830094384851119771297717272520659155188477014083798033136332131764059399
36709646563803828444851251026797484521886601800739371193753430716445614689533774
88128481270384705083800844021556619241872309081611430330482662394208770132084022
60730603432894249504683511979500696049601899269627959693129948156645093392336591
95334228526650910296313561731692552917887462871678855868723914879428537281142020
42288804427037640755241438572910784066453286063740956379936386477905890042303002
13970330114218327084681461149261890543206845231780719732987724078196915095827635
31870729425087327374988069535557482609298569848841543373021766951146253763141425
59931973155731255821267860779375480439605506118221323716959046802399254052148405
89760461048066454745777661962693133551575160895485950202228628776732415835118505
76715137663727485755649830257855739433878527171718147885475293343309009558780889
34649066149505524467641265155512730809795274722528706009035455614563406237084150
93647718425113219660610822496901162105843235187264927327125981837210735833671724
70968001197653524720936103650831292174531073762618128137149942403473806837561812
43002969904123252464245173697614753359848679013276036880781701302147360621656271
08712482712255469568927637859762609231130625833497044750865984048170823675734075
74612215668847856950562013592308118378582051363056509338869812521951533603501254
36172510471072312678951774341036929128486403082355058525317033252848625442971941
51382789511458515924232078492441740424774368000410110687709495757470499224706114
89476528791543812843812084880562112961111243777169376690710565079843378310369745
47642784162271955628631018784062316276252565873317880787844894270346526050586109
97166694412331460186429272093557575525326526886366342459453060859173057011453435
69550265256043847859271840493761760346635110325514925189909943850737432734991544
18388408434627030679238656558255504361597252383720164832101739506890522814424137
60583293959207520396744768177576423595261731985956852054853765932784270827046222
04244823892119751631267934071973906877016565954740040537940866929433883429345899
05784962258022034127509061389322988278009571776489186398485201044583240443100402
18303607879805034767426596278943400749782254729496226957742786333055576570514366
16553989849372967908445545234363041824749240736619781191581772849060871652299432
16537219886393677893520868664966375400924497035103001628209724760180999112032043
48774214763386623448151143904501544468768401270745366948472313622637185306837002
42203108779043252463494668074033948216864288275393698966350342265147754938043987
95723874789269390624947168385872643724453246425571951953297294993071525262614584
96163416614273442608241743296427685878686492186827718038280756385066240161515853
07326273628265168392060611193144512886747118862151284930525494122004829115027696
16450073075552588910701846131258545964155916811170937666236460802244347472252318
32810945504955818789551879991655786318995493141797498509128941017603744720090233
11978774271557833557328604535337436014434444347207385906250669324743206554237613
05916957567110337809999841816519765520448937397991638801469553565735178962647020
55593933694350129091393303105481429056668709012903241656722078645877955129125985
62477429334528343717652931858864460559296320471707076348796921826563873162653211
68601762144361914111171172083165271098845305835908303497570841585410513502108397
35559623382782960462847950708317569253474503498103423343925974310315328673227164
31840381122152049990073372145415946144993938695357569545672807612324318579139528
56733185105116871174787317843357703005724285757004567336521070920512647913600732
10164956745671034610599576205966246640408066523801691290187793568565755254974292
31097226504928390455101151140474990624081073723275732495025038172760340338413854
28677424206471283159019426372415534238406303517349713758226229325628104757098886
45785088958303924833778249432923651830902047103526316024503552900524561637879785
21993246066059414975266169604219568855811936816031946988501953173115452052157564
97434618596733302560586334511422498214400321494131436471701931398466535013102129
37432767425090576921569080806065926761500399421775648583912959975674555794435667
64834487297767124905637664946920517946702866027707206903612434720765652288654452
13354421156182811731213330355868409833677861086098666604164137008148757868843476
13935039813371152324465491326189440294473065628643245920859432625482673634220502
74626956947410402145853190459979931430822925914428385353770991336590795339252886
86702292460442639917239259164398421762459177785481210407911554154276892757764668
36683675604148456499203075793834156206201498548408272622495601165699663195241171
30659152577969407670654295794062350144040532668206403435390285295345589265638688
33840911104858199428866313117484200833586166745909448744976157686640136536715114
98800771274581574184720840053852397447766835741760573446443303824920278203682703
61643856415874612857100195427702767171026465236196290585164739274508193495107393
37729765018127681402366537845844788925013444017049573434968588378669404911062706
46611222249027422505639125025768002796013564202306514762063147898803191347709043
69274530989102571687351012498391836271332102625817787368448096622924271667063789
82654684474194951008137031873144055243828729553983845872539360354206744224535865
94144051095170323148445021780560879643004770444716878424895617862139918426021194
59413972687882478512331200205284967453686146951897574756871407233492284872160443
09658274872778599884017787275060053277436328229293089556909538197760285108717684
37029833640421713436692533667690790333813177055617658475658434665669828339105509
18172385362300829485366607979438741056907146201885799931286316142434971571331136
69014808692924754042838393470708162557300632591060434466642675604356571079828950
01615456348857943429818075401666717856874277051178938203434128610624724595832433
59211601936242957381316553725682530371255874814495860806397733004535589080854214
88295775502279911841710825677796196293094496231116368346103446868348816339403857
88162167675586684557516339453858710296885206589861765589773984367681460821314458
47248529885437277793084044078681070396906652073748566781057958826699931486994801
43643348986194688506986346736156596473871996916535151141562876725240868063218427
02646196373233922740405067830333805464637937009084513257907263347894250327507566
53941515792957695800667362672631556504492111102062746211736769515816653475521132
25618262842499929359795737320539833421733766781227358442222058529430610999558422
87061914803411716902803019714066134585006721622216359501809484261296852966333658
22911626260215669831607879498964624199854646248405603709222252330745357544700957
04131057841341825794381670815048819100137827004901378389519097188989753128179494
13694598879360842180884444546855654287250929922160411971207531846576649037749556
89008029579144784262967083402724830213033065017259386508684201436626037178262684
71151725933082714717126495063130746512014302973661294629608641507108273992111857
04754735389252803013393189121896983281311399201332099282410623371262557040851457
27235600399949519789854419910065720298563948609500687076934822183905631790863786
94162962559103022965262930706666304771420046189771545225303297432720379763974818
17912258918418791816978936943170386932509251500471141846399532790814674864960850
81172111290916786626760285937370701675585034015648413097058975736495908599276416
23299689217300626373163161606388829188645319736789968840463787021672866745933337
71407283842097168144502878829340101842378076899303520086977956651169134576710954
69791730246707062479050448818155201684892281578261099001025292940776624923359778
12045922672433443132426578278624757230501080730220714097057908183062647991833222
84356088932008084668657666752338430198637687273754995358489661523191728415313169
30175096478190945315711686586950904473787053340964430296534404615704055390580367
62166883981774698155755692274427645383153937469591787738712859945684537072916457
76773696263620716586867265826096526364611279958482882831245431023933313300527866
34445946912653762851929303830599758631083752252543757466402857259907732721958226
18638240238518826970702760317280856130809885744261200358556584024135605609243907
15015172523329840910552432020479602712439165245016289393256270223177665511817849
27714224568994487711084562431348276047338979220788155629478428575235068686713620
09925432624829588256810497431960029108667988882865817278862068104400901548777237
86102057498770405091138904646012298231179698846332707931340618155300673762232463
59658028533810237149838648124166962769835888506710667722450740227504373610651746
14174643203972712843034574850419605768136871802621210931062456789678009562796184
48974135312474252951227421432329249388888079103688534458374090828442559339248749
13423279844796973979125843880127439273580131292409353136989853616049088392960856
04884722270337456489594140130673534912803142086151295016930923980881754255741502
07453071419866552903576530290272563098883071708865021743399986421313646630182011
77190912019254062940993482425240358457314259794683604346019464634172074634439050
19804982529535789100555452281770912841164275765033623482224167282509783542008867
40396775772113438926268968873263051923299421761381457381863953137032316700016764
44640667745893322476728092417457323191199724813625905710644259112148200714088258
63429190893759281257480743916400516871242778933855577205815514294130477293945858
15681079983415528793987227473462037897584051790291773566299842825245895841815846
39518220770180461492594626832241732848698877614425684534570415433026003321698385
14407640511407651763469429352338737026481309732890855318232582537908356899622882
21078839399866142484451714059939105096603946220820593101172534163896721726749977
79975174092100854344737670886914315198082713981060345770357503843619109028094464
29253705264786092445484028588045259907152720309611846071327857242170792323355779
44135963774519470688585851729650711079273073379472380855845334214815364877824396
15559885442096719640909488768103433512451812148017988641581269609655041815505012
55993427493761629819538100507207286988288221810081769593446921130050757127428963
32408880369701796317308466287381422933061964002603886711089738431168876227612543
33317145734517029475959174375951311002147418052127633401405917055080730080900408
60782241732305395622243703235231943551727770877812975289588870333379654397030630
43927121243898157920783427938140524828359942279945340828875689332637609658631242
50795859533657945821160892303429198107118017153321306534761010359154187564344495
72179888763402734728741549076886433728055250134688291177181574125332389608720891
12945792763109126125245983182664742764085273497239273165428418701364569482354782
85194497447394174742937456791553511754782832166750986889047453947847305154423924
91797426689125317805879662879166911882439376181629663971100300721717873838969714
00825596582124546641167232449679945042416955383912631114784108128010102412923176
97838594840732738454780780294425205311513938111987333149091967017920856744213262
10742115537900661799432627871551225884067752770740492273873616041611451458655515
72772676493547937801552672833980659121399170245360656485215090389626667712188555
74233950048244633458426030962606692443889573569754913249619590111810608865609954
64906110016195956376731629427565779564604802361370831678441685603285442865465560
88516964519878999871025575785557123804882302436307940502252025709752992661177435
98153844020865742903736364025917440560818659760728684661188035176804977120402472
10234620955255983354830935783038969949325725051322812666550621038362500893298699
39728623199145296041358487502301562864960919961578998908986162601410263409055465
35272823667518879803416296138877855886470202028741548146331627115398595208419664
69078546669408569244309157395776947604886565198322741880440824929406639606442708
04708274029158880695046585742065637835800171299124737113894138965380623455362093
41811824689579346932169748982120509082552185943766013139948721752856655019415335
53739932342464340985369441938885492358448453106693558577499632827709281303873907
55798982554963757628713217764388058648862035392014491664270203288828758146062294
21219631667627084272848655203511246894937326953354997936352371412034738877335705
67167596463737987660048744944916774305080606527123993553674301259154608058148973
36857448845820156398143817145322873540608061583690789240061104937028475257014227
79840051814789325286374660134115290331284693060363889875693689441966203169938030
26388457795972310280560383766491789517877832533091931811107014999882761889333933
91557385598166575171790580612162335268984303621004188428715053317480919694503887
65394179354987771534102683871357453042882298739067982621078834735573206087072812
60764838403441834578334645038533001544999680706046100961812272542659853616909384
43811184948050248938684631714374866559345550510988478436072649382415491719236566
14205978286643787260302825705609963580711326952936818714684072357715216837626272
97019554567565825235693305412370672720482672546418649350220730563368145011718523
76983009623007778166111781474531677593617184923752261329537338879200854236814973
62599121593804274416924436596514536694929059874343003900216508510463939300473338
71401807445292659093287546747646323188863366225124599973050771612417279738135619
69619230597059042314800623544871368224704957212512353978351095234377996140622521
81439638471923982764427763340790106635101787691298457718155650555430137560138541
53111563330274775637125101660504428720442419135087580044227189152509351629715764
58124139907607022599196786628424224827653917028116588598052386073242617883674087
52452870777464563638173848924067688253775407146114617489557503285060614480526331
64147423324499850289666776827298223075021895424126651273924000322144975240143085
79875140173974029087150865794916412155455756242300415358159421270912540146085065
22875851994595012714619714426609293183238830500648867065732665742558448273328139
37232100742681220419901155778042210120320823566231007021506080757032271825623117
96531164173223472713432262072356956612412511580692524061816707748778927379096146
34004997733231154159312588807001912754729267907641563556989233492394453998571973
36117727497093932777072623588764109425242358352987025818300390059561537719170714
32782834959989520065307828414152187436726494779347505100549929279282369452966034
42340962876296508596295316862580270586967244542043423721064977101951761704225968
00386071139888123452648805937057866798789098217912186418281209520680226876068759
32383371989574283496984912794666292515209900920899450373458983101285908498804928
83805636531261197033776452079935604023676438500112103157718143494491615452518838
94723528494625319875744823674807585492635271569972836436461085201516055240903415
30312317544865079018110436392326206415343167021435321461842238351598549889819541
36102398982144451499932043734265022588860823118964498973423645523671087212506328
78249172785155174056600311696494350598503164392801950867303571756452645454566697
34589263243818021939187730806502300142658783843593912114748153655605711976948757
87198856729938120721288270962948492302724378652323235079970943184500480648493736
43470072204432350293802218080887919375799910322165135439508237550888513606561034
85367653215737372164457727041653275837624020824467852824076394162008917494071954
42276194013985441800530561154179075866097014146129940398929457293858704806309485
60017816181061101225510082424926693285861490174572204777889736538796653738837408
51496807660362587975947770263270748933415450970239287747343284656029900767415660
34225971326705323273212360112791301808575656935581841035058636765413531857767091
13895636575330889187342539080389680084837801146943909796487698958174330945484042
06505391422574517101318434335636227562013364627145852446960532078164427435415682
79637883882813668703116805233614787618230454794860854955724372360460596088283547
11901978577723365783445893565108400937927783361206007185945268885225414282545478
42525117364303050194083680448171700630775846000619264236917011950020009248060517
82467694409692245225706671734257552328342926045506992232235268312726444736272907
52086905891856159372081558582829104451034361084394127653904207126658062535640681
19081513500656892192883520153634480974266165826981035993644671361914847377936029
98288618496882532055018930974687780105769444714982474354591978231614003086941859
54587080480437522677010263034079258896163084315034268582673623585178639739450753
34649302200851797606298386919113046790405804738872474081978666544534413235397601
34618504588953491953225691385662547402071811654835094944599612816649778328286516
34937842593119724399312760182765549418396598650888145900480406665276606211202308
76946659346787338734497471487255933923331966929908898767368450940572963136075115
15984899093254995791443720541109538662405374893052153060003915033010266369171726
55647650432018495749439497325496245993391415467353994586672350142788236744609602
73666061588868934797944409845263050745457531401831119838500363860434492203444174
13356407279068136497999649807313217809375861969006794231029466793795434964652733
51561890870190066809913916051133130377037200276715017005377068447200498087807969
60508135455778612778554728549771937102192172132760702436229916208073956871997465
52268655336416752462015014214173731945768924539549631342930571351561339807508593
99979662613469712024908538242409962754636358875409262812577923726027405434835037
79372953268704904382862744964527190372269734686629594846176253488962313523795883
70696923573277798401476736406859328825364431918191743739234125688989385785302523
18401224176813569827801883963067973517547976101728188916052525077858137497782731
45488619687083009816306746670948247577211448404094785754832021163265999181782331
80112529427160650505981635999863123102011584764110336526630538917600763576365293
07107646090604781642640863482758144767274441921568143343757189337087908024525289
31612444416633001421554806780980354726446889971586856024302754150413296555313087
37830400408660187519705379871553775248746453250134021017970677741738662095712973
05751067952381696002038704542553001794042923706416215681394094042833725527026493
75298433078609165352833177444301508862103474274752397375148888435707511364752315
82498809866516109908821702822941616011100348138065553304933862999673738030916770
96319783972617328966642510860398593979149932828299945960813098214467981328210617
76105193186785205891212749707582106769718821110950052905837411087039726493509949
05504388703158220413533298086096992290440642426783641619176654178009981623225490
53886353640181203520294245435563953356265513640591621780973265623476985205377555
61791385249533333110234562967382022032961314431595104257239569100513494387943090
30418616556363741602035676104821810458973346521013732711443282123430702935792164
60018945823210669768444836903143078120697141381544247570393264869105193616983874
62326173191068095432825899893363679034910689882873623193208487765696243961163642
11840324722383407686864283768413767506039332129011573728434113258879390484786243
73245474971718672083168365158664543448917778067559537647976333723860826856518363
10776136147156658004535022874562625084366864179861895775541900739693199584629466
16613780797896322376381809790028298182939255653817141398564208563381667599420872
12688241743863097502547305066872714516249695414163224304749969896543660660546640
24086722979122262978160087196714962231069368850824590452346232446151088428687537
05827209326689805834964621483158234414383468702452573606337820140366694696350910
05004777372564485173875012641252137466854905169602531481470180414734659791538807
85071078821628068796711862622656114254005118723474556072282295411034128713992051
19094870656905249679304993662980573944692857812059896000744560348045270174692170
37590089825367628466795203890244769862792687668130392175155457162849588518480351
20416903060040951595640278489666205209525414436826331744129093290408928204358189
44136698950467258403591475956534444239395855912170668158213818730248853467139519
13703620915176905882226390428449163995163792704398446684495101385992033581855134
79662564810413655211653678074221603426856279047676256129148384989518940100762870
45734140919588100240584008442726243318407265555260044016705624938046674255064118
53462681012993350396303262043025366447880246896005899132556406848451142506892524
08266067100699374089977231084684448596825802017340236163672688005422852370861959
06106168291827225664875979981463086926733376079750022530406995353048685257077749
45276771523732408959046266323210479241205116910909286152161588788127749658627585
09018759768997668515623521194551117302073350734264338360919280237603097399443305
66097891087843899831943025634730627319764117381370151182413985804542899666929088
38984878129917902056187773425818864646904497123775848209213887139964366586623310
22521572698295956437988788664359186843538923560923965250897211044233518443477731
81979317237040275542053253851585275159141105593161715596344515004717409043049599
12949813975532658863916735569967368466696342535467742367701226973854070502239538
89144533938575178116652069022918480596811031857464251504947912169323449333532587
76559393161723217639321699138681783513150110779543092451058842056066729550480430
34055082969285355301337588374351596799168786668642203229492846275309640947980148
98187725476846030838467755452792232628677941399402804391781523290724218137750716
69742482461917956593130678542212330439314247532309094881232168221037247276804849
47885299521330943929601448891651946877671518773331030266220104529974519991668460
70326044936621011796422335993649018685112759035926554502950369874097471525500752
27930576967492140483234556646497670887867429766287372276040043744453961966632992
43774956320218512163522016413145765575052549268935790284611058086538914671046320
03923931374771630604682625793979885973847170718069511789188735722908870331298846
07294418786455099881984274566520133159780819305782503337622219148852514828420314
30006179983131889358170777476550623209315897939877452760730239550169466011693850
40401575970505139864837955964075413919963812436427824150928756087290211793551956
28266725362804906243612643661969334475337842161345306215469149777142794810482505
15133953307307886604639507053572191458440077798021367270553920600704240023713523
57010086444671313230522907837348378766636957955851264920767508312661034883400550
77824202016432661497609590051639135156658929389827691092984907214897302914757601
24209990911292258468067699793057328044765596051862218662354899973664154222185089
26784418229316478890131409162754696625373078294595473527317716893364339131678752
37291334562286937597596173260766697816141771461731715528730442091502717261839442
48531534630261279813494448092177240308355700128702714064846984676585650155984374
22337074986739314525389190318886043354378960660933661283313257543387051593110233
90643693266565204489045927258936578556803204235530986665686631716658112284490236
04108678482300674025038264253675149407418687217780568376624378912029288974153372
97845565621381752241185662337047131644138479791622397619108452738933812301798749
32871126823193733502987466204682456492979719005604867177570447234254029309104831
95042511804081864089630086560098223320532196809421745392126747554792939227786118
83248140474109621140774437562762782413211179124587551318612247438378579459368475
93234831991445471679573012855492717696766101161754328397444871905096727543858959
84208188174767187164764752378219392895346977770943473967608227236693037160441859
49021065193014858407642288164701655959159985253561529281351243252834997037997820
20574418473448108445482417834357692628026403630322299781064853299600851070320675
16292174258026956975583640534455477909253135951249948516105699677409670028594546
51820128605707438458998755304297518134674668308336772771915399628413053955561559
72760860310635251298337649803425777984051583849079940134132940027297811107914543
68873698129370458300763624934779611746554432269221254024091086948254937802774982
41352815985135236553497772846658158334375551445269308997792670852497247815821986
69236785590781148017595341775664092329737590622174313873881880358289722271420071
69622423744181218721919540107368284087458767915432452587960033173114525110693804
63612979261490741519514152186865306621245066872160280207439083748064051109654002
78669838599978805453163930846606616402903207509474984533765885210183460552767948
64021715923656964529708149968012631817133349180635938943146025958331406856242879
51796829093728214166942149314904843755629977698413012155109345049098543802692449
09985270955058069244711793377695155769879196878450059517033244497261214566926285
81380626592772146990052674957166971837276912721822744732859508788450941085283864
91825301580342950021781945653649669582254163951674297776287942880310129477595521
43601632715968538276411201159763247472531331778416540764768300085458786384660205
76101646618311519055989869545115363688393577688786100456634473762877041532194111
98321261149551167316904583919287291485315041745103346474306999868337066096410433
02437358980372213456229942351189671202835243113122421190194879890333131710193654
20888923344244875714749142011643501884382308286584512287649688213074826984446898
74881961927500568890099696334550723109024106654685321136367868291610379468759149
59945386865802305323246196805107449095939601226337126207511278154260758714837256
95436865106617187818443198518175343230487356338660357965795607462616221694609253
73698222543469812052821401538942312847860400379511399985731655143177988701493154
19858785931221347212057835477034937942516801234758944774687842095500943898967359
57614570041426201090447856475852949711019807539392122574224594450042196554792453
35282443522098202966065921261406947044964840481995041448085506059710879171148849
58103045886717211224713625778791235440608208030670196626722172260292881223736180
34055367197877994250049572289496440485611746942049894047048860255454310137812913
15435303801593362644761793594504096862518313209304202325387103360046243074869544
82716269878798867396588875833757252919422154256530876495931386349015888339403373
98208196538001872543544834058533978438911817783584911434214583316077653976755658
26975028937677728147215253346066227526858855486182116870046256067347728845908273
43501062155326096613201832065871894108896256225112718561269875041307889356433646
93268405542647395290877631267611836445001999744195506168161584847769391166043553
96396993572491442552393321232405217542440989173590073404583576086616026876868769
19561221382474287971495648494737760002551382231162437670414937976511570696425288
93144099794036498485149506384668990802606001397389299127881014132141394346413162
92616270765848469628949403898264511650548265237987230972993414128622025523502002
54189478540771600858323496544568102918158450742474448566234761395425411786601444
03781986674369418377304811549037047108045946435992506110431534658308289180636051
55150586747056198481790759061142311821850679058093453482379602525370078083919364
32710320604179123136881938465191033393787297470431395184511488358027566289376221
04744235501348401592741276106337453334617178508254781175244023559192836292392720
59696673473882378903275143633749462589853662741224090329879987205825808137691545
77741956334574629082811523611560178241763224432575432934739222866862856763537550
22383156751955902896797584878350510516931343676726889397596541518897661456691754
23382998044695434739126917237863184684115423168259113644526586576478408814069568
62699952302975352151293965299460558260793670273150672050138108612064084089241252
64799379400307202574037757584342077606540098953508668454428527629924980437478077
14653836743151441113652225224271829866306163072640455067450780736761630334465368
40770011068941041445723780248046387417568300107020709213809566385072324866799737
21677983872382081819543303580167437167150160182820512562888153065521494063322471
51502802997727656339309460854070879347405099107590259799307037914233195554540667
84702707147688175780927454945879616801423530559634647463529893731165442633710430
76323464610762781796190185696428135044989964384963723791672479634295040481718552
44181902753108574641878238377639482970617975971652885008917012137599181796927981
37233506420251046266874635599435601213184766644297386265842297810367118536342282
99130068201761002620974491885739824084784028982895303866777953557832605025396476
86289015756114287025152445036909773718410453983972893017325907021260511351173331
83678093011649575714584378362501738809271204091259068611332989230742937672231599
27141935887874324626811913010263146481767420594185733671775211574327811966851583
61565539510494239626564565475226378321828685063633550379030726407571211240242912
25362360230622407008272454080489172982688846647501604871691239869923199613267374
17061652957615233941217466911714315470881541309714371642227240532819084944708119
11266438964085777842587101582829062325691010844858238294812229108778466728440129
23683575363193365058243594273903993451088502961815083004495577057967721172166240
83030092265285518737429260409334954794888472059344049219613318198445262417964544
88007890141937534132148358766273290451980238067728834106056038281110942197270091
62881212908099805508231276075013761126609167746008058411914605858130542984940724
82861057748009340681204767655675349632202517982585912041224052791787490288779101
12203958718616153441670584023612081930452568233807472960468672857638900694970000
93498994805408216424994258048070260375251978268162114908544933179930219813295819
44462119738251290042930403731639527826553663603512429159316336171422842244065302
45539021909020135690869686186114169677110086656808294218345659565029162307334592
05577175801718291462932962016736200236288541716822528711045998485723712841051766
49217009268088613235609157016448846503911153291341899479222213254095775732253241
55467863911275338202455382123424873163482909747029049929236463153618234264598858
81629953671573483306998790642361168757628572275002098221649364459629507018706150
79074614708409550106767799822959119517337721910076299929826603909289379506482463
56866714957273139215290211130442785966941521575385277417636847357273989115121652
45896068756069844244132709183048477544130153485206223761116134993551212978870385
58037342657634992832980643020379985863156164680185820007730379543671389895923904
72152821994577066125791006332918575163004285440211876203544435597462035928748743
43032966152359344243391994829361803620315175815627714417729532406460667248978947
38866768717740591045986699079733738026675775440368147624202914777720535756451176
55792036845156169617751877050127083788549037119804903313010103360488493629779079
88735306409350316693454567324288411390942875459652701484467126450424964811905431
42048754702704178947194382376145422368238167960711297812835574420419135678062874
87269524103583844595245555359131534510339414412758439668742870129921410161838348
80169483808743414981782015044373579561399937612697896372154297626591497556213082
71191753966572261227778749017739958755874994610764012306776897025116640550719059
16474841369125884757318442434637362229521071593699291745383641786120658377042533
79564477381663751424509541991071736178972579429808553299573766355821644025243335
87508181308837261263537509119578889460684323146702589124858391440157902885490683
87875118562611144749827647528215437449077307801926251666873589710782623978197149
10672779281892241889930066267473599990713861984421829731684898271959044047042832
91348512004345412547086680766444425847151374990535152692352774622081258622158427
14119956542889846491659833274070609375836712549532447649401550147359401482023903
59780708358261316881021919553806147324984786367145359706347477114197406281782219
85129453485308517148555289690565291467732452251751711975425065965323264673049948
46447063270734822078708054168466750023559379681448753692576736925730220795917102
17354243243319625350000037895141279827002710503642278333049453438362832417482520
77544430165712515174978907095679297190419996491620525538486420469873761670697439
73495298145428792208886602450899629462602392837393075528411488038893720304362116
36648858114407800949705713994243844104378897528562275929385021873860521565644482
71286856363428665644879245616909698968160282256701118208404497631264965710166371
38739784330855452555579845997600004221628514692840646578160119822082067598024019
57859877103122090959407798844080477753244583771211910942681409904288716433241347
42892572020362020870740365268602215149917936956247719217812110934095061727443750
65148390450043900331640620615177917890819439352434670616943158339035800400313672
82886008504563998716096260933153736568110306222596539112838869322792971759893665
41497208728675130491192025873077838124198832053937448274883577978764057719548611
51582892898737238300086200053750225812841371996537839343440905628079934676252945
70071109803249625321993812679795256949202980730344282282218067505647664085379591
37243446953127722608502673356683893002687613255874405804361559351455080058799313
96483198180059012740916275779731385719189749885043122993727677154148020414670338
82274610931380497067652674746086520584872434518475120197344500099528754032809681
64435956949491772068106864493964264549865213609708436322404043585747198186235885
56849173300266310858962260929266095248720117916430332729960575734649498993918872
31026285785112344815290419316679017807848213603457650482274382964720147502459411
77409875934835415030590363048065361858608933019660328087654608484231032423482362
56655865842460962933352020422275293999775770089228076905233948271892997532980699
47897690144608038676297322482393705811613923472837001330439912411170796001345836
25476243161413832652962991022941168426675764375498536113294622006923865546758227
52388837563775137846472791169847766671765923050410726040711009287551825779287811
13589929491702366051286459743235399719408509236532694028084987601664482512501116
61919085421435490894127983615553525087972497845997717920013864364000782750988087
86901698077466807338775141538736804201688527984381507814629115015208916693833282
95128043232324768431486372398944092610094809290382512083686139267791584645908648
67613875849226276450631892900042851517077670469314024142114828625855220505230306
06678566366314097955319811352433044791484834917405332794084256501050461730106774
53544099887954069048025647589150271243939640201671138214010404145971335114530859
15837633858887233517827601768361782369961782075290080071390684111467434016792181
67116811992793720201241341151579308939180882687444051701804813121409769942848236
02761826323763984946788216907171946266442535072726455713687439871440917805004824
49300154784795254660764629674365717637890030942036887006666780422740051538203471
24846720841833352473228977882230398969748681361499231753782728493577839982950161
13226341394970844323542028148339153889547929001921782620653210671365023557282003
72329283965145097832869674374997091207621272257125348262651178785096781883997221
31877279747837145793758961163873213100077254680164672077976743760044053151383500
45452187421872743440304913731478191295174950181588247070314351626651105276022842
86055604819644538516007559056969719233427496121358530345589475195267105026431527
91396166020552423024820184196660619558282933859673003515961878957687255010314240
87918130806373906667930105809029199438117447229545677937648415344591897817311490
30320940245722077431938199423269256064072723871545698785850463460028547785903483
15290735542066357657363886499827121397496043266391989953082036544101678061180741
57701201222274811012555788829770485230043684647879957100265803031550882503316929
80315537013266680040151788895979994511422415547010500761772031606199939139849044
55647763556153642867280853937571241934713315084239936707755952538606848853692066
25450036577559369749904106318213216724008091607149408268771041148061291690386830
16859648096027832460713326666577005642254486316942928082583145244761728822071507
06516292699494237703587339654039163145614879247165497282798218952558835402089732
79844277317071703328601842274090370113364309297399127299134990430575349467983236
48814429167804477461651397285882348842561137316490609800424153211449177331750900
90938519747995593767893780210262647006951112271670606715091798512236945697692406
48623732687012444869680883608714667799507983767515262572058059263123430327485678
97057973079359844634931714881051055290867774111272707471485189997057485955574359
10119742943521731949864833949838572269386106751608622178255121125221874511790455
48796377813038047783292230365482661906591814730431345665374860687234778967684772
02199544143948187762584212675067077813437970664770991231774433411173043304824167
41144409195193240117995102171123279083054918049169304896170214299441410093658308
08630628671376283887760891643278101902476519722491600400079482515356114003014630
60755295182419285777395718564990128228288602046014570972777361326149658686330966
45494759308467345874550247694826181985040558393669836316835766422245986934572182
29790349358139245212433925414426815486854712092670394791280568529107631536725417
54111024043091450700527130069506143346549065318862235580151115725697195970420487
90063565107165423798118449050720402796753711751468168720367163557822051984465654
12708789303942650371694026695902548306351573933557244871726626927656573913933258
48343440455059013496017053979828767630321936324259859968282525194128574976332268
51320985984179060077495356021078350432477902088395909623403672952527605123329986
64429985969718654034379180745997754434905702063158176484969235105718532856686904
96531090321191287278485142759982887781988128596143287021883773709284973390676009
79827061748758104230230402220640808130588618747332551193129053931579424584987447
92953940648979052578819048521366661884582021289129446268341410657989624512292078
35902604908777904652983258220861895974425320110670896359602753981090698753623632
95992507085271859562076736671502640663968905493165033078668148839236764890886324
62274629736777940076401359161007609063051279530139249384910101441988891101750430
13043000609839502574588769694019080177199941942684295662572913074981861869736522
89857477020089604818050155794877352936490643147609631396142935848944333215725714
94276959498519861741525956040147457650574875719965808785840828654917523827821906
08407887096482086999451967156164258336131157929733014282086235471609301163909566
59966382117077799370082131171383185447774809164978668422701136861614154751231880
90548593725450423579790891424685642116840690714081492032010988677934947383209439
49301428832478782258608064261034523802271618938068251597423787824970072341943698
02435125398514661762719011756207087045276533673119808498135941098690280074840472
35256986375750201390079119400076037967370321948031211935239200050295370143951323
21913410619208550900964764693989097211029799008711481754445309492044402218011692
42386965865998365145527902966227429257850516535172645276717602189289006412805236
56594411914431972874777700013594427926653373973366208150848328458011624252763033
91377379812183482456070447800536331146163512539549460082467440976940236088916670
44595125338304831878785565273935558430539182231884236175129567526991885110424566
46193997098233609426719420306684230510619966038974757566439143870160495136023947
58925299422874862553644664623748303461436116830538982486650403149372929444817588
04896966880281746750572374712082923197491805069630849046878659533624136580777448
73019927073271556599582443907363065875329417698523423874686550538728430311980131
26248680278345900648085247963230336200595340325195406514669448955303897074122579
74110786928589289905297142975264950309623946873926917884517115832010986714576940
86499667873124943091792173667556262989667760418561538828798451242734519350913647
80580625648994826492689650147407298660475683416252422598682469685816576864880111
58390048102733063916963700426094174922323017434556736117886517322857924008544065
91268680810575423544348265374963534018053548750992709845861333087679704678240069
29530217467175829119550832499918097098729632730942330318113860372184901901301355
79881422256967373477919562965172420811858835700207638024594306550447995556296586
08550715336788298385346586828536127769427496909504223813925829257107382317881015
97289670121387347216641310951877514377931027465204888194020537972480237848997582
26466939825298737392644921470701299059632223990622608203617724687127925401881147
87854799755541797533974321233328571001043409384927663669089787600789423152520548
76763815194589310752826823806374156430138247928980711707085687544141199437278507
91394445454120123287378097908156713685392529286592741604469478870538817434244814
00817246839481191099242245711338258175764068115271246387103289928667489936546669
05900658851115619681753345428222151722903742143567237794952208589560253108378870
84039183817901765735186179718559455194202891641306205263405199903411284965288873
52080745822560368764022001644730005018611995776123350523641324489589590866180496
42874395253867954774938098605909948388814773577946794000371048375085984691024672
65251647844877757430937673906874150331035235621508282700931496006694870621822681
19712420990590785984915667545305822832379002659865187231732667078116281883446623
37764136396699061628415078723474818584306493676102080293459251159706986068352999
56990483687653814657853466088060417894063592601179356455609408622788150862797849
96433519016306567028687491741395854205076520651522518430968535926821629521779957
49941092846512093219200229489637600308940051452961577340395827434824179438878392
67586074407300496597525707761778210356439244887245279373974502762153705026828625
96448001268310610216225131838082575650492783119582064466941368530321606139838733
03969679663324578186990497196149540783692882164042275071110428183492307401249143
64117223161333951409739492961062222868653459114434807736177674878207205812318593
28691391227670546755858596182806920974276102322206010631398141277131177327281251
52517873184566625685103160578823898918331046886852748976129781846302154319520941
16413536399201906862729155229092657252508549113112917919461427285400698459362146
45585355280949788831050054337986697467361027020134708847493070042069508370169910
70601572236132783941437245549704295301607911459447640566760942006578811723613600
99010854603965717227677809619112463163635688945114354991334477544337815189955102
55688597402777799241814854783999776362750933209847493717180712923119506468128611
76709616442809449974480183750939205691131964919682089646948060703776445156824538
43256241257174992159217708772541884432347479184683910853212839571540862057136923
89150897558033489390341547770852034212524425558368525536416841310556971947575879
96068253088970772603268213095188145238669809718766852683335478554166657064227727
58722464790467790320134215895933355012543546809843781187240057186853382588262910
10803860187232488894351105226423583536825446190370764801596319956606303034689196
21897696350108638326909280679985473705356571305733337778814057827570524554175986
42475321255931834206369068396765103071427570336334760868975956129110223829838505
60177660948927734167133640749510909895197268492088139571691151538351538359765597
24398543263674226961967706216306735859193534348523661260881491456457970787979440
14377636032555214675009825993500354516558845763310038556257892396627798192363635
04091408661635059699957447499864251741633083970346129402909475896915744565905519
15456790577767394783816321170138415170709272971300255310836821856303624869228139
20303124542682484197145061264471624529197200784345355866696577637772594525423768
95457201099912991830237037535618023646312782584664562284275542635364206725429642
19394463791224048774109640061718036222599589249418058831915269824817238957996254
20135428055899263447850928513626725330320271824602394293378923339701612569467089
65301954500768938664131105297854485876625863853314894973045030378015559578311153
95282681709911144348906344104944183394849279909132329751913282745412035631674436
22568412792238429584558372456196867946034250747688211875786548630758541353230546
95327970965115443273769307209624511205916464720683822933715323701665738972383913
13115874462574859980738174156787497254694612155632117748367457885598694251768456
40273594860751369490937071773539034153311793609934458284733379897389819638780936
55127917244057574914938750622637573714090862481096919064151106056531961515352284
54840649050645167527460845259423472722255204605169294023853527023817464279618805
98694713184602546654832875850170721187515237358724944324086394453384667473626341
89849937338548655677913746358987866935706822386588020851354675700099946892993951
77490765819727305759813556812934602819994847994955012450574012023143024860885124
16506739185829911558246295105592088714608824038805824075068674967040048051288489
80591749861241124545342420035379373181740459015792393460186503835096314995837384
70118997741917459557481898002986981750760591619797285617244260941166198846074718
75731792958815751950953438599745411257785334721432122794113540186256058829827968
72475930643604792801827260265721984690963403198978726213062357116509083133820116
68576199861895011614937638487907187392906388795698013867295131328374542540295289
65859744051158853460061681656593342104516432102485852173568537644412431733510428
18949953823433671490286194977049342059094262324275539104883472604613927479081697
58758895176405672901442286476785598432708456860729322489459844741926552913248853
47002132332379525179880820669604267398867194035083195497460028239426904994894048
56351067185469841784585541834348087800303820010164830553364449455345296037097271
53161663137846764888793252760509606034757628905072007945914053517488847787255327
48505339637927663599310623128734204759457456058190118784356306213062303684530155
49969729413436515811052577305150640062498343921451857335166501397127057874123849
39895462944778384636024400414463663679818241078502278088709092891911507216228705
28079128095405435694282964770967182280109686982059014779446352251648589084324182
76253865785599328309330224027032533223350639693334458447617843031802477098231949
04843565995932255016891831484562104387435740648040445260928278521770607558936376
53014622529309055765661189334874268924352628699513448403115187632972905410354400
10771253431349642393378849525254338163792869096979579622813261118510601401296882
57517162254105080033214274101571282193350633992955349730235403646775648306527943
53559958576993571495377775522031659589704559222693622365814764658676028231100057
51385085358094608771626676683663901525109180511692949063929285893078510563563720
08697039087731426358610825916576544996255987843147546049681277418174085802675027
01079071881023323245190008552246172923880400999774695545577459945088100125694504
59253928450457655182105425947212255989113814592850826971045465617365169806323501
30151865728190538491945236473522736662686349682401639996206901176663350824657111
55327911664509349712745708338209298418546276424998508625575435881490306283387517
95068800886340125206309215125424651065391084439809586412913045896794147145770075
59870281396280884147881894576039277295784529412286866715656414762321274952249975
60057751549026047825407499291818067119299051004938288019352227831794604108044896
27901179205192422273431729057074801375231437469280096785213928871312369470441396
34265178898108876285673481228165233933526794231982187682772645627296016897652834
71001860130194830504939367769801410090416397009216637614596373316289941989279512
82116020974308426158732867173358686163080776342505749503610958912577912718050944
48449114935846597063120538583367751009382265754002694661853651126700854339981973
76556083991089599882695305249500665067907116183013852409626059028610666904616205
72191204986805503564226143888963918095001201560892339252567423903029880501032722
40935207602464945464355100206654867587513380889702751644251494587162041474250420
83238533307628093462486887435720437852961259878652338063616646753889808550574495
14725030124885483765738105129872996145940671394942376854921229746652448494294824
91789099601449045376781740494918527698935355055480594369777479440778809079232230
52905974860498334543674860966148280517184009254246295903650152229504635250329586
89641797578553273420213787695146876509792019423683606177087814349638602723280565
27428414181321088280134388652651012702742065548584079985962182960934108504110704
52907262415837307503240806548698773273176028721084592940276694844107008847275003
55498581512994339723292760368428241399105590974476132785476180102303085863614320
57029650793511536934309600122376160889644163010565590195377432864369420698084760
24967174028115244739815297976351563665961862279786633562107907818410214975706728
45804760915252909188504476289595511706366037716054672754339181412431830830377185
05930500770957155009453489226375398578105497868483309545135308359341941980729000
81696821797374354615715229912310357798424051971580449192793633321177987795969411
76217078656332989718897127491185648270997993234411003103844996481452174222183807
28625919844293324830101679280567461304566635386664001130981062534998412810311986
74229186852185334646749288389828781920526294109161489657830723940569658066562045
28993711365639266470978605381899780086026581841093830868979979038563901591817949
48039750051294984838708214034416043141274442057561270677414287793690185805903931
18338437703820051336307010822022992786836791897220511199252446815516534823528877
04643226995529077509766055198145496603350189314099652447092872997008571074785135
74747481385848769837332287835928758916359963633606658779075657852091423279959627
67842305771022123304070910448838790184735539334350384924183423668632104915508624
20481916799818384815589696783968439372835025182270485561990245675516798935049473
29727790351626695392697872975197095844447348482256634579622503159670228967097480
08930585945077012232829301218090697725000259222857896537737939609520512640955612
51059206731767954966095827344748341363935252067810546274939607131875086422554102
48789284558398894008930484533184941183906003823465459702166929838654482486797843
73868958221444197393313327383607698255233603862528
